20046 Polargmo Im. Krenkelja Observations at 12Z 16 Dec 2020
-----------------------------------------------------------------------------
   PRES   HGHT   TEMP   DWPT   RELH   MIXR   DRCT   SKNT   THTA   THTE   THTV
    hPa     m      C      C      %    g/kg    deg   knot     K      K      K 
-----------------------------------------------------------------------------
 1019.0     22  -21.1  -24.7     73   0.51     20      6  250.7  252.1  250.8
 1000.0    168  -22.1  -25.9     71   0.47     30      6  251.1  252.4  251.1
  974.0    360  -23.6  -27.3     72   0.42     60      6  251.4  252.6  251.4
  960.0    466  -24.5  -28.1     72   0.40     81      6  251.6  252.7  251.6
  925.0    736  -23.9  -28.2     68   0.41    135      6  254.9  256.0  254.9
  867.0   1208  -24.6  -31.3     54   0.32    265      6  258.9  259.9  258.9
  860.0   1267  -24.7  -31.7     52   0.32    265     10  259.4  260.3  259.4
  850.0   1352  -25.1  -32.1     52   0.31    275     10  259.8  260.8  259.9
  794.0   1845  -26.4  -32.0     59   0.33    345     19  263.6  264.6  263.7
  771.0   2057  -26.9  -31.9     63   0.34    345     23  265.2  266.3  265.3
  768.0   2085  -28.1  -32.4     67   0.33    345     23  264.2  265.3  264.3
  767.0   2095  -28.5  -32.5     68   0.33    345     23  263.9  264.9  264.0
  765.0   2113  -30.5  -34.3     69   0.28    345     23  261.9  262.8  262.0
  700.0   2738  -34.7  -38.6     68   0.20    350     14  264.0  264.6  264.1
  674.0   2997  -36.3  -40.1     68   0.17    345     14  265.1  265.7  265.1
  607.0   3714  -40.7  -44.2     69   0.13    350     16  268.1  268.5  268.1
  579.0   4037  -42.7  -46.0     70   0.11    343     16  269.4  269.8  269.4
  500.0   5000  -53.9  -58.2     59   0.03    320     17  267.3  267.4  267.3
  492.0   5104  -54.9  -59.2     59   0.03    330     17  267.3  267.4  267.3
  484.0   5208  -55.3  -59.6     59   0.03    340     17  268.1  268.1  268.1
  459.0   5545  -56.6  -60.9     58   0.02    355     16  270.5  270.6  270.5
  400.0   6420  -59.9  -64.2     57   0.02    355     16  277.1  277.1  277.1
  310.0   7988  -64.0  -68.4     55   0.01      0     16  292.3  292.4  292.3
  300.0   8190  -64.5  -68.9     55   0.01    355     14  294.3  294.4  294.3
  256.0   9164  -62.7  -67.3     54   0.02    355     14  310.6  310.7  310.6
  250.0   9310  -63.1  -67.7     54   0.02    355     14  312.1  312.2  312.1
  238.0   9614  -63.0  -67.6     54   0.02      0     14  316.7  316.7  316.7
  222.0  10044  -62.9  -67.5     54   0.02     10     14  323.2  323.3  323.2
  219.0  10128  -62.9  -67.5     54   0.02     11     20  324.5  324.6  324.5
  200.0  10690  -62.3  -67.0     53   0.02     15     60  333.9  334.1  333.9
  181.0  11304  -61.9  -67.1     50   0.03     15     17  344.3  344.4  344.3
  158.0  12140  -61.4  -67.3     45   0.03     15     17  358.8  359.0  358.8
  156.0  12218  -61.3  -67.3     45   0.03     15     17  360.2  360.4  360.2
  150.0  12460  -61.9  -67.9     45   0.03     15     16  363.2  363.4  363.2
  122.0  13723  -65.2  -71.2     43   0.02     20     19  379.3  379.4  379.3
  111.0  14300  -66.7  -72.7     43   0.02     15     19  386.9  387.0  386.9
  100.0  14930  -66.9  -72.9     42   0.02     10     19  398.2  398.3  398.2
  
  Station information and sounding indices
                             Station number: 20046
                           Observation time: 201216/1200
                           Station latitude: 80.61
                          Station longitude: 58.05
                          Station elevation: 22.0
                            Showalter index: 5.41
                               Lifted index: 12.16
    LIFT computed using virtual temperature: 12.16
                                SWEAT index: 68.91
                                    K index: -7.20
                         Cross totals index: 21.80
                      Vertical totals index: 28.80
                        Totals totals index: 50.60
      Convective Available Potential Energy: 0.00
             CAPE using virtual temperature: 0.00
                      Convective Inhibition: 0.00
             CINS using virtual temperature: 0.00
                     Bulk Richardson Number: 0.00
          Bulk Richardson Number using CAPV: 0.00
  Temp [K] of the Lifted Condensation Level: 245.84
Pres [hPa] of the Lifted Condensation Level: 926.85
   Equivalent potential temp [K] of the LCL: 252.48
     Mean mixed layer potential temperature: 251.25
              Mean mixed layer mixing ratio: 0.44
              1000 hPa to 500 hPa thickness: 4832.00
Precipitable water [mm] for entire sounding: 1.44