94866 YMML Melbourne Airport Observations at 12Z 16 Dec 2020
-----------------------------------------------------------------------------
   PRES   HGHT   TEMP   DWPT   RELH   MIXR   DRCT   SKNT   THTA   THTE   THTV
    hPa     m      C      C      %    g/kg    deg   knot     K      K      K 
-----------------------------------------------------------------------------
 1000.0     95                                                               
  998.0    119   18.2   13.5     74   9.83    180     15  291.5  319.6  293.2
  997.0    127   18.1   13.5     74   9.83    175      7  291.5  319.6  293.2
  977.0    298   16.6   13.2     80   9.84    170     20  291.7  319.8  293.4
  925.0    757   12.4   12.4    100   9.87    170     14  292.0  320.2  293.7
  912.0    876   11.8   11.8    100   9.62    172     15  292.6  320.1  294.2
  899.0    997   13.4   11.6     89   9.63    175     16  295.4  323.4  297.1
  884.0   1139   15.3   11.4     77   9.65    150     19  298.9  327.3  300.6
  879.0   1187   16.0   11.3     74   9.65    147     18  300.0  328.6  301.8
  855.0   1422   15.4   10.8     74   9.60    130     11  301.8  330.4  303.5
  850.0   1472   15.0   10.6     75   9.53    130     12  301.9  330.3  303.6
  838.0   1593   14.4    8.4     67   8.32    131     12  302.4  327.5  304.0
  809.0   1889   11.6    7.0     73   7.82    134     11  302.5  326.1  303.9
  792.0   2067   11.1    3.3     59   6.16    135     11  303.8  322.7  304.9
  781.0   2183   10.7    0.9     50   5.25    120     11  304.7  320.9  305.6
  770.0   2302   10.4   -1.6     43   4.44     91     11  305.5  319.4  306.4
  756.0   2455    9.4    1.4     57   5.63     54     10  306.1  323.5  307.1
  753.0   2488    9.6    1.6     57   5.74     46     10  306.6  324.4  307.7
  738.0   2653    8.0    1.4     63   5.79      5     10  306.6  324.6  307.7
  714.0   2925    5.4    1.2     74   5.86    350      8  306.7  324.9  307.8
  700.0   3088    3.8    1.0     82   5.91    350      8  306.7  325.0  307.8
  680.0   3323    1.8    1.0     94   6.09    348      9  307.0  325.9  308.1
  657.0   3595    0.4   -0.5     94   5.67    345     10  308.4  326.1  309.5
  647.0   3716   -0.2   -1.1     94   5.49    305     11  309.1  326.3  310.1
  613.0   4142   -2.5   -3.4     94   4.89    300     23  311.3  326.9  312.2
  583.0   4538   -4.6   -5.5     93   4.38    325     12  313.4  327.5  314.2
  567.0   4758   -5.7   -6.7     93   4.11    315     11  314.5  327.9  315.3
  552.0   4969   -6.8   -7.8     93   3.87    330     11  315.6  328.3  316.4
  500.0   5750  -10.9  -12.0     92   3.06    325     13  319.7  330.0  320.3
  488.0   5935  -12.0  -13.1     91   2.87    320     14  320.6  330.3  321.1
  463.0   6337  -14.3  -15.5     91   2.49    330     23  322.6  331.1  323.0
  462.0   6353  -14.4  -15.6     91   2.47    330     23  322.6  331.1  323.1
  404.0   7356  -21.2  -22.8     87   1.53    320     18  326.4  331.9  326.7
  400.0   7430  -21.7  -23.3     87   1.47    325     19  326.7  332.0  327.0
  335.0   8706  -31.1  -33.8     77   0.66    335     26  330.9  333.4  331.0
  314.0   9172  -34.5  -37.6     73   0.48    338     38  332.3  334.2  332.4
  306.0   9352  -36.1  -38.1     82   0.47    339     42  332.5  334.3  332.6
  303.0   9421  -36.5  -40.4     67   0.37    340     44  332.9  334.4  332.9
  300.0   9490  -37.3  -40.6     71   0.37    340     46  332.7  334.1  332.8
  280.0   9960  -41.1  -43.2     80   0.30    347     48  333.8  335.1  333.9
  270.0  10205  -42.3  -46.3     65   0.22    350     49  335.6  336.5  335.6
  265.0  10331  -42.9  -47.9     58   0.19    348     53  336.5  337.3  336.5
  251.0  10693  -44.7  -47.4     74   0.21    341     66  339.1  340.0  339.1
  250.0  10720  -44.3  -48.4     64   0.19    340     67  340.1  340.9  340.1
  233.0  11190  -46.7  -62.7     14   0.04    319     54  343.3  343.5  343.4
  226.0  11392  -47.1  -65.3     11   0.03    310     49  345.8  345.9  345.8
  208.0  11941  -48.0  -72.2      4   0.01    285     58  352.6  352.6  352.6
  200.0  12200  -48.5  -75.5      3   0.01    280     62  355.8  355.8  355.8
  184.0  12741  -51.2  -78.2      3   0.00    275     66  360.0  360.0  360.0
  178.0  12956  -52.3  -79.3      2   0.00    275     64  361.6  361.6  361.6
  171.0  13214  -51.9  -81.9      2   0.00    275     61  366.5  366.5  366.5
  162.0  13559  -53.8  -82.2      2   0.00    275     58  369.0  369.0  369.0
  150.0  14050  -56.5  -82.5      2   0.00    285     45  372.5  372.6  372.5
  148.0  14133  -57.0  -82.8      2   0.00    290     44  373.1  373.2  373.1
  135.0  14704  -60.2  -84.5      3   0.00    275     54  377.3  377.3  377.3
  117.0  15593  -65.3  -87.3      3   0.00    280     39  383.7  383.7  383.7
  110.0  15969  -65.0  -87.4      3   0.00    305     33  391.1  391.1  391.1
  102.0  16429  -64.6  -87.5      3   0.00    285     28  400.4  400.4  400.4
  100.0  16550  -64.5  -87.5      3   0.00    295     21  402.8  402.9  402.8
   92.0  17058  -66.6  -88.1      3   0.00    290     19  408.5  408.5  408.5
   89.3  17239  -67.3  -88.3      4   0.00    307     20  410.5  410.5  410.5
   88.0  17329  -67.2  -88.4      4   0.00    315     21  412.5  412.5  412.5
   86.0  17468  -67.0  -88.5      3   0.00    320     25  415.6  415.6  415.6
   85.0  17539  -66.9  -88.5      3   0.00    310     27  417.1  417.2  417.1
   83.0  17684  -66.7  -88.6      3   0.00    300     22  420.4  420.4  420.4
   80.0  17908  -66.4  -88.8      3   0.00    350     11  425.5  425.5  425.5
   75.0  18301  -65.9  -89.0      3   0.00      5     21  434.5  434.5  434.5
   72.0  18549  -65.5  -89.2      2   0.00    350     15  440.3  440.3  440.3
   70.0  18720  -65.3  -89.3      2   0.00     15     17  444.4  444.4  444.4
   66.0  19078  -65.5  -89.5      2   0.00     10     17  451.3  451.3  451.3
   64.0  19265  -65.7  -89.7      2   0.00     30     12  455.0  455.0  455.0
   63.8  19284  -65.7  -89.7      2   0.00     28     13  455.4  455.4  455.4
   63.0  19361  -65.5  -89.7      2   0.00     20     16  457.6  457.6  457.6
   61.0  19559  -64.8  -89.6      2   0.00     25     23  463.2  463.2  463.2
   59.0  19764  -64.2  -89.5      2   0.00     40     22  469.0  469.0  469.0
   57.0  19976  -63.6  -89.4      2   0.00     25     22  475.1  475.1  475.1
   55.0  20195  -62.9  -89.3      2   0.00     40     20  481.5  481.6  481.5
   53.0  20422  -62.2  -89.2      2   0.00     70     15  488.3  488.3  488.3
   50.0  20780  -61.1  -89.1      1   0.00     50     23  499.1  499.1  499.1
   47.4  21113  -58.7  -88.7      1   0.00     40     29  512.5  512.5  512.5
   46.0  21301  -59.5  -88.6      1   0.00     35     32  515.0  515.0  515.0
   44.3  21536  -60.5  -88.5      1   0.00     31     23  518.1  518.1  518.1
   44.0  21579  -60.4  -88.5      1   0.00     30     21  519.4  519.5  519.4
   43.0  21723  -59.9  -88.4      1   0.00     60     15  524.0  524.0  524.0
   41.0  22022  -58.9  -88.2      1   0.00     55     17  533.6  533.6  533.6
   39.0  22336  -57.9  -88.1      1   0.00     80     22  543.8  543.9  543.8
   38.0  22499  -57.4  -88.0      1   0.00     60     18  549.2  549.3  549.2
   37.1  22649  -56.9  -87.9      1   0.00     82     28  554.2  554.3  554.2
   37.0  22666  -56.9  -87.9      1   0.00     85     29  554.6  554.7  554.6
   34.0  23200  -57.4  -88.0      1   0.01     65     29  567.0  567.0  567.0
   32.0  23583  -57.7  -88.0      1   0.01     80     29  575.9  576.0  575.9
   30.0  23990  -58.1  -88.1      1   0.01     70     36  585.7  585.7  585.7
   29.2  24160  -57.3  -88.3      1   0.01     70     36  592.4  592.5  592.4
   29.0                                        70     36                     
Station information and sounding indices
                         Station identifier: YMML
                             Station number: 94866
                           Observation time: 201216/1200
                           Station latitude: -37.66
                          Station longitude: 144.85
                          Station elevation: 119.0
                            Showalter index: 0.28
                               Lifted index: 5.66
    LIFT computed using virtual temperature: 5.82
                                SWEAT index: 164.20
                                    K index: 33.70
                         Cross totals index: 21.50
                      Vertical totals index: 25.90
                        Totals totals index: 47.40
      Convective Available Potential Energy: 0.00
             CAPE using virtual temperature: 0.00
                      Convective Inhibition: 0.00
             CINS using virtual temperature: 0.00
                     Bulk Richardson Number: 0.00
          Bulk Richardson Number using CAPV: 0.00
  Temp [K] of the Lifted Condensation Level: 285.56
Pres [hPa] of the Lifted Condensation Level: 928.37
   Equivalent potential temp [K] of the LCL: 319.81
     Mean mixed layer potential temperature: 291.71
              Mean mixed layer mixing ratio: 9.85
              1000 hPa to 500 hPa thickness: 5655.00
Precipitable water [mm] for entire sounding: 37.53
