   -4.25   -3.55   -4.45   -5.00   -2.10   -0.55   -3.95   -2.80   -1.45    2.20
    3.60    0.70   -4.15   -1.10   -1.75   -3.75   -3.95   -3.50   -1.70   -6.30
   -6.65   -4.25   -2.30    1.10    1.00   -3.25    0.05   -0.75   -1.50   -1.75
   -2.65   -5.05   -8.10   -2.90   -0.30    0.05   -0.50   -1.75    0.10    3.10
   -2.00    2.40    3.35    1.55    0.40   -5.10   -4.15   -0.90    2.30    0.00
   -0.50    0.75    1.95   -2.10   -2.75  -13.25  -11.20   -8.15   -9.35  -10.75
  -10.00   -8.10   -5.90   -5.50   -7.60   -4.30   -3.65   -2.10   -1.40   -4.65
   -2.00   -3.00   -5.25   -6.20   -4.25   -4.10   -3.20   -1.45   -3.55   -4.30
   -6.85   -6.15   -4.30   -4.30   -3.20   -5.60   -4.20   -4.10   -0.95   -2.15
   -3.40   -2.65   -0.70   -2.65   -1.70   -2.65    0.60   -2.70   -5.40   -5.45
   -4.90   -2.75   -2.90   -5.70   -5.45   -5.90   -5.75   -7.15   -4.85   -3.80
   -1.90   -1.45   -0.75   -1.30   -1.70   -5.40   -5.25   -5.45   -2.20   -6.00
   -7.75   -5.55   -2.85   -5.30   -3.30   -1.40   -1.20   -2.40    0.50   -1.20
   -0.95    3.30    3.80    2.15    3.35    2.50    3.40    3.25    1.70    2.35
    4.25    3.80    3.20    0.50   -0.65   -1.45   -1.20   -0.45   -3.20    0.10
    0.10    0.50   -2.80   -2.30   -5.30   -2.95   -0.70    1.00    1.15    2.65
    1.70    3.15    7.40    9.40    7.05   11.95   19.60   21.45   24.00   25.20
   27.50   25.50   25.15   21.15   23.15   22.85   22.40   20.40   20.95   21.60
   19.20   20.05   18.85   20.30   22.20   17.05   19.30   18.15   17.10   16.95
   19.05   20.10   18.70   18.60   16.50   14.75   12.90   12.85   10.65   16.05
   17.95   18.65   17.45   20.55   15.65   17.40   18.70   21.85   20.60   22.55
   24.95   24.25   23.45   23.50   24.85   24.10   21.60   22.40   23.40   22.10
   24.25   20.85   18.80   16.15   15.20   16.80   16.50   16.80   14.65   10.60
    9.75   12.05   14.20   13.40   11.95   10.35    8.50    8.35   10.10   10.05
    8.60    6.55    4.15    2.40    1.50    5.05    8.25    8.85    6.60    6.85
    5.50    4.65    7.00   10.60   11.00    8.35    7.40    4.70    6.15    6.75
    8.65   10.95    9.55    7.65    7.65    9.65    9.95    9.70   10.20   10.15
   10.05    8.35    5.20    3.45    3.95    5.35    7.35    5.25    3.80    3.05
    2.50    2.95   -0.45   -0.35   -0.55   -2.55   -4.50   -6.05   -8.50   -3.95
   -6.00   -5.90   -6.75   -8.40   -6.05   -4.20   -4.65   -4.70   -3.50   -1.75
   -6.10   -5.25   -3.95   -3.35   -1.90   -4.95   -3.00   -5.55   -5.65   -3.00
   -3.50   -4.80   -4.80   -5.75   -4.25   -8.35   -8.20   -6.85   -6.05   -1.70
    0.65   -0.10   -1.80    0.15    1.85    0.40   -2.80   -4.45   -4.60   -2.45
   -2.00   -2.45   -3.95   -2.35   -1.60   -2.65   -6.30   -6.60   -5.90   -6.10
   -6.30   -8.20   -3.80   -4.55   -6.60   -6.35   -2.45   -0.50   -0.20   -0.35
   -1.05   -3.30   -5.25   -4.70   -1.30   -0.65   -3.25   -0.40    0.40   -0.85
   -6.20   -5.95   -2.80   -3.80   -2.55
