48698 WSSS Singapore Observations at 12Z 16 Dec 2020
-----------------------------------------------------------------------------
   PRES   HGHT   TEMP   DWPT   RELH   MIXR   DRCT   SKNT   THTA   THTE   THTV
    hPa     m      C      C      %    g/kg    deg   knot     K      K      K 
-----------------------------------------------------------------------------
 1007.0     16   25.0   24.8     99  20.04      0      5  297.6  355.9  301.1
 1004.0     46   26.0   22.1     79  17.00    295      2  298.8  348.5  301.8
 1000.0     86   24.8   23.0     90  18.05    290      3  297.9  350.6  301.2
  990.0    175   24.2   22.5     90  17.68    300      4  298.2  349.8  301.4
  925.0    770   21.8   20.1     90  16.29      5     10  301.6  349.8  304.5
  912.0    893   20.9   19.5     92  15.89     15     10  301.9  349.0  304.8
  902.0    989   20.2   19.0     93  15.58      9      9  302.1  348.3  304.9
  850.0   1501   17.8   15.2     85  12.94    335      4  304.8  343.7  307.1
  776.0   2276   14.5   10.9     79  10.64    355     10  309.3  342.0  311.2
  767.0   2376   14.1   10.3     78  10.37     10     10  309.8  341.8  311.8
  757.0   2487   13.6    9.7     77  10.08    358     11  310.5  341.6  312.4
  746.0   2610   12.9    9.3     79   9.93    345     13  311.0  341.8  312.9
  723.0   2873   11.4    8.3     82   9.62     20     10  312.1  342.1  313.9
  700.0   3144    9.8    7.4     85   9.31     15     12  313.3  342.5  315.1
  696.0   3192    9.8    5.3     74   8.09     11     10  313.8  339.3  315.4
  695.0   3203    9.7    5.3     74   8.07     10     10  313.9  339.3  315.4
  631.0   3993    4.7    2.3     85   7.21     25     10  316.9  340.0  318.2
  609.0   4282    2.8    1.2     89   6.91     60     12  318.0  340.2  319.3
  590.0   4541    1.1    0.2     94   6.65     65     16  318.9  340.4  320.2
  582.0   4653    0.4   -0.2     96   6.53     45     12  319.3  340.5  320.6
  574.0   4766   -0.3   -0.6     98   6.42     52     15  319.8  340.6  321.0
  565.0   4892   -1.1   -2.0     94   5.88     60     18  320.2  339.5  321.4
  558.0   4992   -1.3   -3.9     82   5.17     60     16  321.2  338.2  322.2
  548.0   5135   -2.1   -4.5     83   5.01     60     14  321.9  338.5  322.9
  514.0   5642   -4.7   -6.8     85   4.49     45     14  324.6  339.7  325.5
  501.0   5844   -5.8   -7.7     86   4.29     65     14  325.7  340.2  326.5
  500.0   5860   -5.9   -7.8     86   4.28     65     14  325.8  340.3  326.6
  488.0   6051   -6.3   -8.6     84   4.12     59     13  327.6  341.6  328.4
  485.0   6099   -5.5   -7.9     83   4.38     57     13  329.1  344.1  330.0
  481.0   6164   -5.9   -8.2     84   4.31     55     13  329.4  344.2  330.3
  458.0   6546   -8.3   -9.9     88   3.96    100     13  331.0  344.8  331.8
  440.0   6859  -10.3  -11.3     92   3.69    109     11  332.3  345.2  333.1
  428.0   7071  -11.6  -13.2     87   3.24    115     10  333.4  344.8  334.0
  419.0   7234  -12.6  -14.7     84   2.93    100     12  334.1  344.6  334.7
  411.0   7382  -13.4  -16.1     80   2.67    120     11  334.8  344.4  335.4
  400.0   7590  -14.7  -18.0     76   2.33    120     16  335.8  344.3  336.3
  352.0   8533  -21.3  -24.4     76   1.52    110     13  339.4  345.1  339.7
  346.0   8660  -22.2  -25.3     76   1.43     95     13  339.8  345.2  340.1
  316.0   9329  -26.9  -29.8     76   1.03     92     11  342.2  346.2  342.4
  300.0   9700  -29.9  -32.2     80   0.86     90     10  343.1  346.5  343.3
  288.0   9991  -32.1  -35.4     72   0.66     90     12  344.0  346.6  344.1
  280.0  10190  -33.8  -36.0     81   0.64    105     12  344.3  346.8  344.4
  277.0  10267  -34.5  -36.2     84   0.63     98     12  344.4  346.9  344.5
  274.0  10343  -35.0  -37.5     78   0.56     90     11  344.8  347.0  344.9
  267.0  10524  -36.1  -40.6     63   0.42     94     10  345.7  347.4  345.8
  266.0  10550  -36.3  -40.8     63   0.41     95     10  345.7  347.4  345.8
  250.0  10980  -40.1  -44.1     65   0.31     85     15  346.3  347.6  346.4
  243.0  11169  -41.8  -45.9     64   0.26    100     15  346.6  347.7  346.7
  218.0  11891  -48.2  -52.7     59   0.13     90     24  347.6  348.2  347.7
  204.0  12332  -52.1  -56.9     56   0.09     94     27  348.1  348.5  348.1
  200.0  12460  -53.3  -57.4     61   0.08     95     28  348.2  348.6  348.2
  174.0  13339  -61.3  -64.4     66   0.04     97     33  349.1  349.3  349.2
  169.0  13519  -62.9  -67.8     51   0.02     98     34  349.4  349.5  349.4
  150.0  14240  -69.5  -72.1     69   0.02    100     38  350.2  350.2  350.2
  148.0  14320  -70.3  -72.3     75   0.01     98     39  350.1  350.2  350.1
  146.0  14400  -71.3  -74.0     67   0.01     95     39  349.8  349.8  349.8
  138.0  14730  -73.4  -78.5     46   0.01     95     34  351.7  351.7  351.7
  134.0  14901  -74.5  -80.9     37   0.00    105     39  352.7  352.7  352.7
  132.0  14989  -75.1  -82.1     33   0.00    105     41  353.2  353.2  353.2
  109.0  16073  -84.1  -89.0     42   0.00    100     66  356.1  356.1  356.1
  106.0  16227  -83.8  -89.4     38   0.00     95     69  359.6  359.6  359.6
  100.0  16550  -83.1  -90.1     29   0.00     90     60  366.9  366.9  366.9
   94.0  16895  -81.6  -89.3     26   0.00     75     46  376.5  376.5  376.5
   92.2  17003  -81.1  -89.1     25   0.00     81     36  379.5  379.5  379.5
   91.0  17078  -79.8  -88.8     22   0.00     85     29  383.5  383.5  383.5
   87.0  17334  -75.4  -87.7     13   0.00    115     10  397.3  397.3  397.3
   86.2  17387  -74.5  -87.5     12   0.00    131      8  400.2  400.2  400.2
   86.0  17400  -74.6  -87.6     12   0.00    135      7  400.3  400.3  400.3
   82.0  17675  -75.7  -88.7     12   0.00    190     11  403.5  403.5  403.5
   81.3  17725  -75.9  -88.9     12   0.00    193     12  404.0  404.1  404.0
   78.0  17966  -73.8  -88.6      9   0.00    205     17  413.2  413.2  413.2
   75.0  18195  -71.8  -88.4      7   0.00    240     19  422.1  422.1  422.1
   74.3  18249  -71.3  -88.3      6   0.00    243     20  424.2  424.2  424.2
   70.0  18600  -71.9  -88.9      6   0.00    260     29  430.2  430.2  430.2
   69.0  18685  -71.9  -88.9      6   0.00    270     31  431.9  431.9  431.9
   64.2  19109  -72.1  -89.1      6   0.00    278     31  440.6  440.6  440.6
   58.0  19713  -70.4  -89.6      5   0.00    290     30  457.3  457.3  457.3
   53.0  20248  -69.0  -90.1      3   0.00    265     26  472.6  472.6  472.6
   51.0  20477  -68.3  -90.3      3   0.00    280     27  479.3  479.4  479.3
   50.9  20488  -68.3  -90.3      3   0.00                479.7  479.7  479.7
   50.7  20512  -68.3  -90.3      3   0.00                480.2  480.2  480.2
Station information and sounding indices
                         Station identifier: WSSS
                             Station number: 48698
                           Observation time: 201216/1200
                           Station latitude: 1.36
                          Station longitude: 103.98
                          Station elevation: 16.0
                            Showalter index: -0.47
                               Lifted index: -2.80
    LIFT computed using virtual temperature: -3.11
                                SWEAT index: 204.41
                                    K index: 36.50
                         Cross totals index: 21.10
                      Vertical totals index: 23.70
                        Totals totals index: 44.80
      Convective Available Potential Energy: 567.55
             CAPE using virtual temperature: 646.67
                      Convective Inhibition: -29.55
             CINS using virtual temperature: -16.57
                           Equilibrum Level: 145.89
 Equilibrum Level using virtual temperature: 145.90
                   Level of Free Convection: 742.09
             LFCT using virtual temperature: 866.80
                     Bulk Richardson Number: 86.35
          Bulk Richardson Number using CAPV: 98.39
  Temp [K] of the Lifted Condensation Level: 294.84
Pres [hPa] of the Lifted Condensation Level: 953.88
   Equivalent potential temp [K] of the LCL: 349.88
     Mean mixed layer potential temperature: 298.86
              Mean mixed layer mixing ratio: 17.47
              1000 hPa to 500 hPa thickness: 5774.00
Precipitable water [mm] for entire sounding: 61.01