47918 ROIG Ishigakijima Observations at 12Z 09 Dec 2020
-----------------------------------------------------------------------------
   PRES   HGHT   TEMP   DWPT   RELH   MIXR   DRCT   SKNT   THTA   THTE   THTV
    hPa     m      C      C      %    g/kg    deg   knot     K      K      K 
-----------------------------------------------------------------------------
 1016.0      7   21.8   21.1     96  15.77     50      9  293.6  338.7  296.4
 1015.0     15   21.7   21.0     96  15.67     65     14  293.6  338.4  296.4
 1000.0    143   20.2   19.2     94  14.21     60     21  293.4  333.9  295.9
  983.0    291   19.5   18.7     95  13.98     60     21  294.1  334.2  296.6
  925.0    814   17.2   16.8     98  13.18     80     17  296.9  335.2  299.2
  904.0   1009   16.3   16.0     98  12.80     85     17  297.9  335.3  300.2
  850.0   1531   14.0   13.8     99  11.80     75     14  300.8  335.7  302.9
  836.0   1671   12.2    9.9     86   9.24     69     13  300.3  327.8  302.0
  782.0   2229   10.3    8.1     86   8.73     45      8  304.1  330.5  305.7
  755.0   2522    9.3    7.1     86   8.48     70      6  306.1  331.9  307.7
  736.0   2735    8.6    6.5     86   8.29    295      6  307.6  333.0  309.1
  700.0   3153    7.2    5.1     87   7.93    280     14  310.4  335.1  311.9
  697.0   3188    7.2    5.4     88   8.13    279     14  310.8  336.1  312.3
  651.0   3738    4.4    2.9     90   7.29    255     19  313.8  336.8  315.1
  500.0   5860   -6.5   -6.8     98   4.62    235     41  325.1  340.6  326.0
  477.0   6228   -8.7   -9.2     96   4.02    235     42  326.7  340.4  327.5
  439.0   6862  -13.2  -14.2     93   2.93    235     45  328.8  339.1  329.4
  406.0   7458  -17.5  -18.8     90   2.15    248     47  330.8  338.4  331.2
  400.0   7570  -18.1  -19.8     87   2.00    250     47  331.4  338.6  331.8
  389.0   7777  -19.8  -22.2     81   1.66    260     51  331.8  337.8  332.1
  374.0   8068  -22.3  -25.7     74   1.27    258     55  332.2  336.9  332.5
  370.0   8147  -23.5  -29.5     58   0.90    257     56  331.7  335.1  331.9
  368.0   8187  -24.1  -32.1     48   0.71    257     56  331.4  334.1  331.5
  354.0   8469  -25.1  -34.9     40   0.56    255     60  333.7  335.9  333.8
  338.0   8804  -26.3  -38.3     31   0.42    258     57  336.5  338.2  336.6
  326.0   9064  -27.7  -40.2     29   0.36    260     54  338.1  339.6  338.2
  314.0   9334  -29.1  -42.1     27   0.30    265     59  339.8  341.0  339.9
  307.0   9495  -28.7  -41.7     28   0.32    267     61  342.6  343.9  342.6
  300.0   9660  -29.9  -41.9     30   0.32    270     64  343.1  344.5  343.2
  250.0  10930  -39.9  -51.9     27   0.13    265     66  346.6  347.2  346.6
  245.0  11064  -41.1                         265     66  346.9         346.9
  200.0  12410  -52.9                         265     68  348.8         348.8
  150.0  14210  -66.7                         275     62  355.0         355.0
  125.0  15276  -73.4                         275     56  361.9         361.9
  116.0  15713  -76.1                         265     47  364.7         364.7
  111.0  15970  -77.7                         262     47  366.3         366.3
  103.0  16394  -79.5                         256     47  370.7         370.7
  101.0  16504  -80.0                         255     47  371.8         371.8
  100.0  16560  -80.3                         255     47  372.3         372.3
   94.3  16890  -81.5                         252     48  376.3         376.3
   89.0  17219  -78.5                         250     49  388.6         388.6
   86.0  17414  -76.7                         255     43  396.0         396.0
   77.0  18049  -76.7                         270     23  408.7         408.7
   76.9  18057  -76.7                                     408.9         408.9
Station information and sounding indices
                         Station identifier: ROIG
                             Station number: 47918
                           Observation time: 201209/1200
                           Station latitude: 24.33
                          Station longitude: 124.16
                          Station elevation: 7.0
                            Showalter index: 2.22
                               Lifted index: 2.63
    LIFT computed using virtual temperature: 2.76
                                SWEAT index: 234.62
                                    K index: 32.20
                         Cross totals index: 20.30
                      Vertical totals index: 20.50
                        Totals totals index: 40.80
      Convective Available Potential Energy: 8.44
             CAPE using virtual temperature: 15.69
                      Convective Inhibition: -13.45
             CINS using virtual temperature: -13.40
                           Equilibrum Level: 780.53
 Equilibrum Level using virtual temperature: 766.36
                   Level of Free Convection: 845.15
             LFCT using virtual temperature: 846.11
                     Bulk Richardson Number: 0.12
          Bulk Richardson Number using CAPV: 0.22
  Temp [K] of the Lifted Condensation Level: 291.95
Pres [hPa] of the Lifted Condensation Level: 975.06
   Equivalent potential temp [K] of the LCL: 334.77
     Mean mixed layer potential temperature: 294.08
              Mean mixed layer mixing ratio: 14.22
              1000 hPa to 500 hPa thickness: 5717.00
Precipitable water [mm] for entire sounding: 53.18