47918 ROIG Ishigakijima Observations at 12Z 16 Dec 2020
-----------------------------------------------------------------------------
   PRES   HGHT   TEMP   DWPT   RELH   MIXR   DRCT   SKNT   THTA   THTE   THTV
    hPa     m      C      C      %    g/kg    deg   knot     K      K      K 
-----------------------------------------------------------------------------
 1022.0      7   17.0   15.1     89  10.66     30     14  288.4  318.3  290.2
 1015.0     66   16.6   14.5     87  10.30     25     21  288.5  317.5  290.3
 1000.0    193   15.8   13.1     84   9.56     35     25  288.9  316.0  290.6
  928.0    825   12.2   11.3     94   9.13     55     27  291.5  317.6  293.1
  925.0    852   12.0   11.2     95   9.11     55     27  291.6  317.6  293.2
  887.0   1201   10.2    9.4     95   8.42     55     17  293.2  317.6  294.7
  850.0   1556    8.4    7.6     95   7.76     15      4  294.9  317.6  296.3
  848.0   1575    8.3    7.5     95   7.73     15      4  295.0  317.6  296.4
  820.0   1852    6.7    6.3     97   7.35    225      6  296.2  317.8  297.5
  787.0   2190    4.8    4.8    100   6.89    225     10  297.7  318.1  298.9
  783.0   2232    4.6    4.6    100   6.84    227     11  297.9  318.2  299.1
  756.0   2520    5.4    3.9     90   6.74    240     14  301.7  322.1  302.9
  703.0   3114    4.0    1.7     85   6.19    268     23  306.5  325.7  307.6
  700.0   3149    3.8    1.4     84   6.09    270     23  306.7  325.5  307.8
  674.0   3453    2.0   -0.9     81   5.36    275     25  308.0  324.8  309.0
  628.0   4021   -1.3   -5.1     75   4.19    276     34  310.5  323.9  311.3
  584.0   4596   -3.9  -12.9     50   2.44    278     43  314.0  322.1  314.4
  573.0   4745   -4.9   -8.4     76   3.56    278     45  314.5  326.2  315.2
  566.0   4842   -2.9  -22.9     20   1.08    278     46  318.0  321.8  318.2
  556.0   4983   -1.5  -32.5      7   0.45    279     49  321.2  323.0  321.3
  523.0   5467   -3.1  -27.9     13   0.74    280     56  325.0  327.8  325.1
  519.0   5527   -3.3  -27.3     14   0.79    277     56  325.5  328.4  325.6
  500.0   5820   -5.3  -33.3      9   0.46    265     54  326.5  328.3  326.6
  478.0   6172   -6.7  -31.7     12   0.57    270     56  329.0  331.2  329.1
  477.0   6188   -6.8  -31.8     12   0.56    270     56  329.0  331.2  329.1
  408.0   7382  -17.1  -38.1     14   0.35    270     61  330.8  332.2  330.9
  400.0   7530  -17.1  -40.1     12   0.29    270     62  332.7  333.9  332.7
  357.0   8377  -20.7  -48.7      6   0.13    270     66  338.8  339.4  338.9
  300.0   9640  -30.1  -57.1      5   0.06    260     66  342.8  343.1  342.9
  288.0   9924  -32.2  -59.0      5   0.05    265     68  343.8  344.0  343.8
  256.0  10745  -38.5  -64.6      5   0.03    265     68  346.4  346.5  346.4
  250.0  10910  -39.7  -65.7      5   0.02    270     68  346.9  347.0  346.9
  248.0  10965  -40.1  -66.1      5   0.02    270     68  347.1  347.2  347.1
  200.0  12400  -51.7                         270     64  350.7         350.7
  150.0  14190  -67.9                         270     58  352.9         352.9
  126.0  15219  -74.9                         266     54  358.3         358.3
  123.0  15357  -75.5                         265     54  359.6         359.6
  105.0  16264  -79.7                         250     52  368.3         368.3
  100.0  16540  -80.1                         255     52  372.7         372.7
   80.0  17800  -80.2                         250     43  396.9         396.9
   74.4  18210  -80.3                         253     33  405.2         405.2
   72.0  18398  -76.9                         255     29  416.3         416.3
   70.8  18494  -75.1                         243     28  422.0         422.0
   70.0  18560  -74.7                         235     27  424.2         424.2
   68.0  18729  -74.2                         225     29  428.8         428.8
   58.0  19659  -71.7                         270     27  454.5         454.5
   55.0  19970  -70.8                         275     14  463.4         463.4
   52.0  20298  -69.9                         240     14  473.0         473.0
   51.3  20377  -69.7                         243     13  475.3         475.3
   50.0  20530  -67.3                         250     12  484.5         484.5
   49.0  20653  -66.0                         255     10  490.4         490.4
   47.6  20829  -64.1                         206     10  499.0         499.0
   47.0  20908  -63.8                         185     10  501.4         501.4
   44.0  21321  -62.5                         175      8  514.3         514.3
   43.0  21465  -62.0                         190      4  518.9         518.9
   41.0  21763  -61.0                         160      8  528.5         528.5
   39.0  22076  -60.0                         165      6  538.7         538.7
   38.0  22238  -59.4                         150      2  544.1         544.1
   37.0  22405  -58.9                         350      6  549.7         549.7
   36.0  22577  -58.3                         350      2  555.5         555.5
   34.0  22934  -57.1                         135      2  567.7         567.7
   31.0  23512  -55.2                         175      6  588.1         588.1
   30.6  23593  -54.9                         201      6  591.0         591.0
   30.0  23720  -54.7                         240      6  594.9         594.9
   28.0  24160  -54.5                          40      2  607.2         607.2
   27.0  24393  -54.5                         225      6  613.8         613.8
   25.0  24884  -54.3                         215      4  627.9         627.9
   24.0  25145  -54.2                         115      4  635.5         635.5
   22.0  25700  -54.0                         105      4  652.1         652.1
   20.8  26058  -53.9                         105      6  663.0         663.0
   20.0  26310  -52.1                         105      8  675.9         675.9
   18.0  26996  -49.9                         140      8  703.5         703.5
   16.0  27764  -51.8                         140      6  721.4         721.4
   15.9  27805  -51.9                         142      6  722.4         722.4
   14.0  28640  -49.3                         190     14  757.8         757.8
   12.4  29436  -46.9                         190     16  793.1         793.1
   12.0  29655  -46.5                         190     16  801.9         801.9
   11.0  30235  -45.5                         270     10  825.6         825.6
   10.4  30608  -44.9                         302      8  841.3         841.3
   10.0  30870  -46.3                         325      6  845.6         845.6
    9.3  31351  -47.5                         294      9  858.8         858.8
    9.0  31569  -46.6                         280     10  870.2         870.2
    8.3  32107  -44.5                         287      9  898.9         898.9
    8.0  32354  -44.3                         290      8  909.1         909.1
    7.0  33249  -43.7                                     947.0         947.0
Station information and sounding indices
                         Station identifier: ROIG
                             Station number: 47918
                           Observation time: 201216/1200
                           Station latitude: 24.33
                          Station longitude: 124.16
                          Station elevation: 7.0
                            Showalter index: 12.52
                               Lifted index: 13.08
    LIFT computed using virtual temperature: 12.88
                                SWEAT index: 153.20
                                    K index: 18.90
                         Cross totals index: 12.90
                      Vertical totals index: 13.70
                        Totals totals index: 26.60
      Convective Available Potential Energy: 0.00
             CAPE using virtual temperature: 0.00
                      Convective Inhibition: 0.00
             CINS using virtual temperature: 0.00
                     Bulk Richardson Number: 0.00
          Bulk Richardson Number using CAPV: 0.00
  Temp [K] of the Lifted Condensation Level: 285.82
Pres [hPa] of the Lifted Condensation Level: 959.60
   Equivalent potential temp [K] of the LCL: 316.59
     Mean mixed layer potential temperature: 289.23
              Mean mixed layer mixing ratio: 9.70
              1000 hPa to 500 hPa thickness: 5627.00
Precipitable water [mm] for entire sounding: 33.20