94461 Giles Observations at 12Z 16 Dec 2020
-----------------------------------------------------------------------------
   PRES   HGHT   TEMP   DWPT   RELH   MIXR   DRCT   SKNT   THTA   THTE   THTV
    hPa     m      C      C      %    g/kg    deg   knot     K      K      K 
-----------------------------------------------------------------------------
 1000.0     23                                                               
  939.0    599   33.2   13.2     30  10.25    165     11  311.9  343.8  313.8
  925.0    731   32.8   13.8     32  10.83    165     21  312.8  346.7  314.9
  907.0    906   31.4   13.3     33  10.68    160     24  313.1  346.5  315.1
  850.0   1485   26.6   11.6     39  10.19    150     11  314.0  346.0  315.9
  844.0   1546   26.0   11.4     40  10.15    150     11  314.0  345.9  316.0
  827.0   1721   24.4   11.0     43  10.04    140      7  314.2  345.7  316.1
  700.0   3155   11.2    7.1     76   9.12     40      4  314.9  343.6  316.6
  694.0   3226   10.6    6.8     78   9.00     35      3  314.9  343.3  316.6
  651.0   3756    5.8    4.5     91   8.18     10      8  315.4  341.3  316.9
  627.0   4062    4.0   -0.1     75   6.11    355     11  316.6  336.3  317.8
  610.0   4286    2.6   -3.4     65   4.90    353     11  317.6  333.6  318.5
  592.0   4528    1.0   -3.8     70   4.91    350     11  318.5  334.5  319.4
  583.0   4651    0.2   -4.0     73   4.91    342     10  318.9  335.0  319.9
  566.0   4888   -1.1   -8.1     59   3.69    328     10  320.1  332.4  320.8
  541.0   5247   -2.3  -21.3     22   1.29    305      8  322.8  327.4  323.1
  537.0   5306   -2.5  -23.5     18   1.08    298      9  323.3  327.2  323.5
  527.0   5455   -3.0  -17.1     33   1.92    280     10  324.4  331.2  324.8
  524.0   5500   -3.1  -15.1     39   2.27    279     11  324.8  332.8  325.3
  517.0   5606   -3.4  -18.9     29   1.67    275     12  325.6  331.6  326.0
  502.0   5839   -4.2  -27.2     15   0.83    310     13  327.5  330.6  327.6
  500.0   5870   -4.3  -28.3     13   0.75    310     13  327.7  330.5  327.9
  494.0   5965   -4.5  -28.5     13   0.74    301     14  328.6  331.4  328.8
  472.0   6319   -7.3  -31.4     13   0.59    265     19  329.4  331.7  329.5
  446.0   6759  -10.9  -34.9     12   0.44    252     28  330.3  332.0  330.4
  443.0   6811  -10.5  -42.5      5   0.21    250     29  331.4  332.3  331.5
  427.0   7093  -11.1  -46.1      4   0.14    241     34  334.2  334.8  334.2
  425.0   7129  -11.4  -46.0      4   0.15    240     35  334.3  334.9  334.3
  400.0   7590  -15.1  -44.1      6   0.19    255     29  335.3  336.1  335.3
  399.0   7608  -15.2  -44.2      6   0.19    255     29  335.4  336.1  335.4
  338.0   8825  -23.8  -53.4      5   0.08    245     30  340.0  340.3  340.0
  308.0   9507  -28.6  -58.5      4   0.05    270     28  342.4  342.7  342.5
  300.0   9700  -29.9  -59.9      4   0.04    265     31  343.1  343.3  343.1
  288.0   9985  -32.3  -61.0      4   0.04    250     33  343.8  343.9  343.8
  257.0  10781  -38.9  -63.9      5   0.03    250     31  345.4  345.5  345.4
  250.0  10970  -40.1  -66.1      5   0.02    250     30  346.3  346.4  346.3
  237.0  11329  -42.4  -68.7      4   0.02    250     33  348.2  348.3  348.2
  215.0  11985  -46.5  -73.5      3   0.01    274     31  351.6  351.7  351.6
  210.0  12139  -47.8  -73.8      3   0.01    280     30  352.0  352.0  352.0
  200.0  12460  -50.5  -74.5      4   0.01    285     30  352.6  352.7  352.6
  192.0  12717  -52.7  -75.5      5   0.01    290     29  353.3  353.4  353.3
  175.0  13300  -57.6  -77.8      6   0.01    275     26  354.7  354.8  354.7
  150.0  14270  -65.7  -81.7      9   0.00    300     20  356.7  356.7  356.7
  143.0  14559  -67.3  -80.7     13   0.00    305     19  358.9  358.9  358.9
  142.0  14602  -67.5  -80.5     14   0.00    308     19  359.2  359.2  359.2
  137.0  14811  -69.0  -81.2     16   0.00    325     19  360.2  360.3  360.2
  130.0  15117  -71.2  -82.1     18   0.00    315     17  361.8  361.8  361.8
  124.0  15393  -73.2  -83.0     21   0.00    280     14  363.1  363.1  363.1
  117.0  15732  -75.6  -84.1     25   0.00    320     16  364.7  364.7  364.7
  109.0  16145  -78.5  -85.4     32   0.00    310     18  366.6  366.6  366.6
  105.0  16364  -80.1  -86.1     37   0.00    315     21  367.6  367.6  367.6
  100.0  16640  -79.5  -86.5     31   0.00    330     17  373.9  373.9  373.9
   97.0  16814  -78.9  -86.6     28   0.00      5     16  378.4  378.4  378.4
   91.5  17147  -77.7  -86.7     23   0.00     13     16  387.1  387.1  387.1
   90.0  17242  -78.2  -87.0     23   0.00     15     16  387.8  387.8  387.8
   86.0  17501  -79.7  -87.8     26   0.00      5     18  389.9  389.9  389.9
   85.5  17534  -79.9  -87.9     26   0.00      8     18  390.2  390.2  390.2
   82.0  17773  -79.2  -88.3     22   0.00     30     21  396.2  396.2  396.2
   81.0  17843  -79.1  -88.5     20   0.00     20     14  398.0  398.0  398.0
   79.0  17986  -78.7  -88.7     18   0.00     45     15  401.6  401.6  401.6
   76.0  18207  -78.1  -89.1     16   0.00     30     14  407.3  407.4  407.3
   73.2  18421  -77.5  -89.5     13   0.00     47     11  413.0  413.0  413.0
   72.0  18517  -76.2  -89.3     11   0.00     55     10  417.7  417.8  417.7
   70.0  18680  -73.9  -88.9      9   0.00     85      5  426.0  426.0  426.0
   67.0  18936  -72.3  -89.5      6   0.00     40     10  434.9  434.9  434.9
   66.0  19025  -71.7  -89.7      5   0.00     50     10  438.0  438.0  438.0
   64.0  19206  -71.6  -89.8      5   0.00     70     10  442.1  442.1  442.1
   61.0  19489  -71.4  -89.9      5   0.00     65     17  448.6  448.7  448.6
   60.0  19587  -71.3  -90.0      5   0.00     90     14  450.9  450.9  450.9
   57.0  19889  -71.1  -90.1      5   0.00     55     19  458.1  458.1  458.1
   55.0  20102  -70.1  -90.2      4   0.00     90     20  465.1  465.1  465.1
   53.0  20323  -69.0  -90.2      3   0.00     80     20  472.6  472.6  472.6
   50.0  20670  -67.3  -90.3      3   0.00     85     19  484.5  484.5  484.5
   48.0  20918  -65.7  -89.8      2   0.00    115     16  493.9  494.0  494.0
   46.3  21137  -64.3  -89.3      2   0.00    100     17  502.4  502.5  502.5
   44.6  21365  -65.3  -89.3      2   0.00     85     19  505.4  505.4  505.4
   43.0  21591  -64.6  -89.0      2   0.00     70     20  512.4  512.4  512.4
   37.0  22521  -61.8  -87.7      2   0.00     90     27  542.1  542.1  542.1
   36.0  22691  -61.3  -87.5      2   0.01     80     24  547.7  547.7  547.7
   33.0  23230  -59.7  -86.7      2   0.01    120     16  565.8  565.8  565.8
   31.0  23617  -58.5  -86.2      2   0.01     85     17  579.1  579.2  579.1
   30.0  23820  -57.9  -85.9      2   0.01    115     11  586.2  586.3  586.2
   29.1  24012  -56.9  -85.9      1   0.01    124     14  594.1  594.2  594.1
   29.0  24034  -57.0  -85.9      1   0.01    125     14  594.5  594.6  594.5
   28.0  24255  -57.4  -86.0      1   0.01     90     13  599.2  599.3  599.2
   26.2  24675  -58.3  -86.3      2   0.01    112     13  608.2  608.3  608.2
   26.0  24723  -58.1  -86.2      2   0.01    115     13  610.1  610.2  610.1
   23.0  25502  -54.7  -84.4      1   0.01    105     33  641.7  641.9  641.7
   22.3  25699  -53.9  -83.9      1   0.02    108     30  649.9  650.1  649.9
   22.0                                       110     29                     
Station information and sounding indices
                             Station number: 94461
                           Observation time: 201216/1200
                           Station latitude: -25.03
                          Station longitude: 128.28
                          Station elevation: 599.0
                            Showalter index: 0.23
                               Lifted index: 0.18
    LIFT computed using virtual temperature: -0.60
                                SWEAT index: 174.18
                                    K index: 38.40
                         Cross totals index: 15.90
                      Vertical totals index: 30.90
                        Totals totals index: 46.80
      Convective Available Potential Energy: 103.99
             CAPE using virtual temperature: 191.96
                      Convective Inhibition: -105.80
             CINS using virtual temperature: -92.33
                           Equilibrum Level: 356.90
 Equilibrum Level using virtual temperature: 332.04
                   Level of Free Convection: 664.40
             LFCT using virtual temperature: 668.59
                     Bulk Richardson Number: 2.00
          Bulk Richardson Number using CAPV: 3.69
  Temp [K] of the Lifted Condensation Level: 282.41
Pres [hPa] of the Lifted Condensation Level: 698.41
   Equivalent potential temp [K] of the LCL: 345.98
     Mean mixed layer potential temperature: 312.93
              Mean mixed layer mixing ratio: 10.64
              1000 hPa to 500 hPa thickness: 5847.00
Precipitable water [mm] for entire sounding: 35.25