467080	2018020101	1021.4	0.5	13.6	0.8
467080	2018020102	1021.1	0.5	13.8	2.5
467080	2018020103	1021.2	0.2	13.4	3.4
467080	2018020104	1020.9	0.2	13.0	2.6
467080	2018020105	1021.5	0.1	12.5	2.4
467080	2018020106	1021.6	0.2	12.5	3.2
467080	2018020107	1022.4	-9998	12.4	2.5
467080	2018020108	1022.9	0.0	13.0	2.5
467080	2018020109	1023.5	0.0	13.1	3.2
467080	2018020110	1023.7	0.0	13.3	2.7
467080	2018020111	1022.9	0.0	13.6	1.8
467080	2018020112	1022.2	0.0	13.6	1.6
467080	2018020113	1021.3	0.0	13.5	0.6
467080	2018020114	1020.7	0.0	14.0	0.3
467080	2018020115	1020.3	0.0	14.0	0.5
467080	2018020116	1021.0	0.0	14.0	1.5
467080	2018020117	1021.4	0.0	13.6	2.0
467080	2018020118	1021.2	0.0	13.0	1.1
467080	2018020119	1021.1	0.0	13.0	1.4
467080	2018020120	1023.0	-9998	13.0	0.1
467080	2018020121	1023.0	0.4	12.7	2.1
467080	2018020122	1023.5	0.6	12.5	1.5
467080	2018020123	1023.3	-9998	12.8	0.9
467080	2018020200	1022.9	0.1	12.9	1.5
467080	2018020201	1023.0	0.1	13.0	1.6
467080	2018020202	1022.7	0.1	13.0	2.4
467080	2018020203	1022.3	0.1	12.9	1.5
467080	2018020204	1021.6	0.0	13.0	2.8
467080	2018020205	1022.3	-9998	13.0	1.8
467080	2018020206	1022.9	0.1	13.1	2.8
467080	2018020207	1023.1	-9998	13.3	3.3
467080	2018020208	1023.3	-9998	13.4	1.6
467080	2018020209	1023.5	-9998	13.8	3.0
467080	2018020210	1023.4	-9998	14.5	2.5
467080	2018020211	1022.6	-9998	14.7	1.4
467080	2018020212	1022.2	-9998	14.1	1.2
467080	2018020213	1021.7	0.5	14.3	1.4
467080	2018020214	1021.7	-9998	15.3	2.7
467080	2018020215	1021.9	-9998	14.4	3.0
467080	2018020216	1022.6	0.6	13.9	3.7
467080	2018020217	1023.2	-9998	13.9	2.2
467080	2018020218	1024.0	-9998	13.7	2.2
467080	2018020219	1024.6	-9998	12.9	1.1
467080	2018020220	1025.1	0.4	12.9	1.3
467080	2018020221	1025.1	0.0	12.9	2.2
467080	2018020222	1025.5	0.0	13.1	1.0
467080	2018020223	1025.3	-9998	12.2	1.7
467080	2018020300	1025.3	0.2	12.2	1.4
467080	2018020301	1025.5	-9998	12.4	0.7
467080	2018020302	1025.5	-9998	12.4	1.9
467080	2018020303	1025.4	-9998	12.5	1.9
467080	2018020304	1025.5	-9998	12.1	1.4
467080	2018020305	1025.6	0.5	11.4	1.4
467080	2018020306	1026.2	-9998	11.2	0.7
467080	2018020307	1026.4	-9998	11.2	2.0
467080	2018020308	1026.6	0.5	11.3	2.4
467080	2018020309	1026.8	-9998	11.5	1.5
467080	2018020310	1026.6	-9998	11.5	1.0
467080	2018020311	1026.0	-9998	11.9	1.3
467080	2018020312	1025.2	-9998	11.7	1.9
467080	2018020313	1024.3	-9998	11.4	1.6
467080	2018020314	1024.0	0.5	11.6	0.8
467080	2018020315	1023.7	-9998	11.6	0.8
467080	2018020316	1023.7	0.5	11.5	1.8
467080	2018020317	1024.0	0.5	11.4	1.2
467080	2018020318	1024.7	0.5	11.1	2.2
467080	2018020319	1025.3	1.5	10.8	0.2
467080	2018020320	1026.3	1.0	10.7	0.8
467080	2018020321	1026.4	1.0	10.5	0.5
467080	2018020322	1026.6	-9998	10.4	1.8
467080	2018020323	1026.3	0.5	10.4	1.1
467080	2018020400	1026.3	0.5	9.9	0.8
467080	2018020401	1026.0	0.4	9.8	0.9
467080	2018020402	1025.6	0.3	9.8	1.3
467080	2018020403	1025.2	0.2	9.9	1.8
467080	2018020404	1025.4	0.2	9.7	1.4
467080	2018020405	1025.6	0.4	9.7	1.3
467080	2018020406	1026.0	0.6	9.7	1.4
467080	2018020407	1025.9	0.2	9.7	0.9
467080	2018020408	1026.1	0.1	9.9	1.1
467080	2018020409	1026.4	0.4	10.3	1.3
467080	2018020410	1026.5	0.1	10.7	1.2
467080	2018020411	1026.0	0.1	11.4	2.0
467080	2018020412	1025.0	0.2	11.6	1.4
467080	2018020413	1024.4	0.2	11.5	1.8
467080	2018020414	1024.3	0.3	11.3	0.5
467080	2018020415	1024.2	0.5	11.1	0.1
467080	2018020416	1024.9	0.4	10.8	1.3
467080	2018020417	1025.5	0.3	10.5	1.6
467080	2018020418	1026.0	0.6	9.9	1.4
467080	2018020419	1026.5	1.0	9.8	0.6
467080	2018020420	1027.0	0.8	9.6	1.8
467080	2018020421	1027.2	0.6	9.5	2.1
467080	2018020422	1027.0	0.5	9.3	1.0
467080	2018020423	1027.1	1.0	9.2	1.0
467080	2018020500	1026.8	0.7	9.2	1.4
467080	2018020501	1026.2	0.7	9.1	1.1
467080	2018020502	1026.1	0.6	9.0	1.0
467080	2018020503	1025.9	0.8	9.0	0.7
467080	2018020504	1025.7	0.5	8.9	1.0
467080	2018020505	1025.9	0.5	8.9	1.0
467080	2018020506	1026.3	0.7	9.0	1.4
467080	2018020507	1026.6	0.4	8.4	1.0
467080	2018020508	1027.1	0.3	8.9	1.4
467080	2018020509	1027.5	0.3	9.1	1.4
467080	2018020510	1027.6	-9998	9.8	1.0
467080	2018020511	1027.2	-9998	9.9	1.3
467080	2018020512	1026.3	-9998	9.9	1.9
467080	2018020513	1025.2	-9998	10.1	1.6
467080	2018020514	1024.6	-9998	9.9	2.2
467080	2018020515	1024.2	-9998	10.0	2.3
467080	2018020516	1024.1	0.1	9.8	1.1
467080	2018020517	1024.6	-9998	9.9	1.3
467080	2018020518	1024.9	-9998	9.8	1.2
467080	2018020519	1025.5	-9998	9.6	1.7
467080	2018020520	1026.1	0.1	9.7	0.7
467080	2018020521	1026.2	-9998	9.2	1.3
467080	2018020522	1026.8	-9998	9.0	0.9
467080	2018020523	1026.9	0.1	9.1	2.1
467080	2018020600	1026.8	-9998	9.3	2.7
467080	2018020601	1026.6	-9998	9.4	1.8
467080	2018020602	1026.6	-9998	9.2	1.9
467080	2018020603	1026.1	-9998	9.6	1.9
467080	2018020604	1025.6	-9998	9.3	1.6
467080	2018020605	1025.3	0.0	9.5	1.5
467080	2018020606	1025.6	0.0	9.2	1.3
467080	2018020607	1026.0	0.0	9.5	1.4
467080	2018020608	1026.3	-9998	9.6	1.5
467080	2018020609	1026.5	-9998	10.1	0.5
467080	2018020610	1026.6	0.0	10.7	1.1
467080	2018020611	1025.9	0.0	10.9	0.8
467080	2018020612	1025.3	0.0	11.2	1.4
467080	2018020613	1024.6	0.0	11.3	1.6
467080	2018020614	1023.9	0.0	11.3	1.1
467080	2018020615	1023.6	0.0	11.1	1.3
467080	2018020616	1023.7	0.0	11.0	1.1
467080	2018020617	1024.0	0.0	10.7	2.0
467080	2018020618	1024.1	0.0	10.9	2.2
467080	2018020619	1024.0	0.0	10.5	1.8
467080	2018020620	1024.4	0.0	10.4	3.4
467080	2018020621	1024.3	0.0	10.2	2.7
467080	2018020622	1024.3	0.0	10.4	2.3
467080	2018020623	1024.2	0.0	10.5	2.0
467080	2018020700	1024.3	0.0	10.8	1.5
467080	2018020701	1024.1	0.0	10.8	2.0
467080	2018020702	1023.2	0.0	10.7	1.7
467080	2018020703	1021.6	0.0	11.1	2.9
467080	2018020704	1020.9	0.0	11.4	2.1
467080	2018020705	1021.2	0.0	11.0	0.5
467080	2018020706	1022.3	0.1	10.9	1.6
467080	2018020707	1022.1	0.6	10.3	1.5
467080	2018020708	1022.5	0.1	10.5	1.5
467080	2018020709	1023.2	1.4	11.0	1.2
467080	2018020710	1023.5	1.9	11.0	1.3
467080	2018020711	1022.6	1.5	11.3	2.2
467080	2018020712	1021.9	2.0	11.7	1.0
467080	2018020713	1020.8	2.9	11.7	0.7
467080	2018020714	1020.1	1.8	12.1	0.8
467080	2018020715	1019.8	1.3	12.5	0.7
467080	2018020716	1019.9	0.5	12.4	1.6
467080	2018020717	1020.1	1.1	12.2	1.6
467080	2018020718	1020.1	0.8	12.2	1.5
467080	2018020719	1021.1	1.6	12.0	1.6
467080	2018020720	1021.4	0.6	11.9	1.6
467080	2018020721	1021.7	0.4	11.9	1.2
467080	2018020722	1021.8	1.2	11.8	1.5
467080	2018020723	1021.5	1.0	11.8	1.6
467080	2018020800	1021.5	0.5	11.7	1.5
467080	2018020801	1021.2	1.1	11.7	1.1
467080	2018020802	1021.1	1.2	11.6	1.1
467080	2018020803	1021.3	0.6	11.7	1.3
467080	2018020804	1020.6	0.2	11.5	0.7
467080	2018020805	1021.0	0.5	11.5	0.5
467080	2018020806	1021.4	0.3	11.5	0.3
467080	2018020807	1021.9	0.7	11.5	0.6
467080	2018020808	1022.2	0.6	11.6	2.1
467080	2018020809	1022.6	0.3	11.7	3.5
467080	2018020810	1022.3	0.4	12.0	2.8
467080	2018020811	1021.8	0.3	12.1	3.0
467080	2018020812	1020.8	-9998	12.1	2.2
467080	2018020813	1019.8	-9998	12.7	1.2
467080	2018020814	1019.0	-9998	13.0	1.3
467080	2018020815	1018.6	-9998	13.1	0.3
467080	2018020816	1018.8	0.9	12.5	0.8
467080	2018020817	1019.0	1.4	12.4	0.7
467080	2018020818	1019.5	1.4	12.4	1.4
467080	2018020819	1019.7	1.2	12.4	1.6
467080	2018020820	1019.9	0.8	12.5	0.8
467080	2018020821	1019.8	0.7	12.5	1.2
467080	2018020822	1019.6	0.6	12.6	0.7
467080	2018020823	1019.3	0.7	12.7	1.3
467080	2018020900	1018.7	0.5	12.8	0.8
467080	2018020901	1018.3	0.2	12.9	1.6
467080	2018020902	1017.8	0.1	13.0	1.3
467080	2018020903	1017.3	0.1	13.0	0.3
467080	2018020904	1016.9	0.1	13.0	0.8
467080	2018020905	1016.8	0.0	13.1	0.3
467080	2018020906	1017.4	0.0	12.9	0.2
467080	2018020907	1017.9	0.0	13.2	1.2
467080	2018020908	1018.1	0.0	13.9	0.8
467080	2018020909	1018.4	0.0	15.4	0.8
467080	2018020910	1018.3	0.0	17.6	0.3
467080	2018020911	1017.6	0.0	18.7	0.3
467080	2018020912	1016.4	0.0	20.0	0.3
467080	2018020913	1015.2	0.0	20.0	1.2
467080	2018020914	1014.6	0.0	20.5	1.5
467080	2018020915	1014.3	0.0	20.3	0.4
467080	2018020916	1014.3	0.0	20.0	0.1
467080	2018020917	1014.8	0.0	18.6	0.1
467080	2018020918	1015.1	0.0	17.8	1.0
467080	2018020919	1015.5	0.0	17.6	1.8
467080	2018020920	1015.9	0.0	17.1	1.5
467080	2018020921	1016.2	0.0	17.2	1.7
467080	2018020922	1016.2	0.0	16.8	1.1
467080	2018020923	1016.0	0.0	16.9	1.3
467080	2018021000	1015.5	0.0	16.7	1.1
467080	2018021001	1015.5	0.0	16.5	1.6
467080	2018021002	1015.6	0.0	16.5	1.2
467080	2018021003	1015.3	0.0	16.1	0.5
467080	2018021004	1015.0	0.0	16.0	1.1
467080	2018021005	1014.8	0.0	15.6	1.0
467080	2018021006	1015.5	0.0	15.6	0.1
467080	2018021007	1016.4	0.0	16.3	0.8
467080	2018021008	1017.0	0.0	17.5	1.0
467080	2018021009	1017.3	0.0	20.2	0.1
467080	2018021010	1017.3	0.0	22.3	2.2
467080	2018021011	1016.6	0.0	24.1	1.6
467080	2018021012	1015.6	0.0	25.0	3.5
467080	2018021013	1014.9	0.0	23.4	4.1
467080	2018021014	1014.5	0.0	21.3	3.3
467080	2018021015	1015.1	0.5	19.8	1.2
467080	2018021016	1015.2	-9998	19.8	3.3
467080	2018021017	1015.9	0.0	19.5	4.5
467080	2018021018	1016.7	0.0	18.7	2.5
467080	2018021019	1018.1	0.5	17.0	4.1
467080	2018021020	1019.1	0.5	16.9	2.9
467080	2018021021	1019.8	0.5	16.6	2.2
467080	2018021022	1020.1	-9998	16.1	2.4
467080	2018021023	1020.8	-9998	15.9	3.6
467080	2018021100	1021.4	-9998	15.1	3.5
467080	2018021101	1021.9	-9998	15.1	2.5
467080	2018021102	1022.1	0.2	14.2	1.9
467080	2018021103	1022.1	0.2	14.2	1.1
467080	2018021104	1022.6	0.3	13.8	2.0
467080	2018021105	1022.8	0.3	13.9	1.8
467080	2018021106	1023.3	0.1	13.8	0.8
467080	2018021107	1023.8	0.2	13.6	0.2
467080	2018021108	1024.5	0.4	13.4	0.3
467080	2018021109	1024.9	0.2	13.1	1.6
467080	2018021110	1024.8	-9998	13.7	0.9
467080	2018021111	1024.0	0.0	14.2	1.7
467080	2018021112	1023.5	0.0	14.2	1.3
467080	2018021113	1022.8	0.0	14.3	1.2
467080	2018021114	1022.3	0.0	14.5	1.3
467080	2018021115	1022.2	0.0	14.0	0.2
467080	2018021116	1022.6	0.0	13.8	1.2
467080	2018021117	1023.2	0.0	13.3	1.3
467080	2018021118	1023.8	0.0	13.3	1.3
467080	2018021119	1024.9	0.0	13.1	1.9
467080	2018021120	1025.8	-9998	13.0	1.3
467080	2018021121	1026.1	-9998	12.9	1.0
467080	2018021122	1026.5	0.0	12.8	1.1
467080	2018021123	1026.7	0.0	12.6	1.2
467080	2018021200	1027.5	0.0	12.6	1.3
467080	2018021201	1027.4	0.0	12.4	2.3
467080	2018021202	1027.4	0.0	12.4	1.6
467080	2018021203	1027.4	0.0	12.3	1.1
467080	2018021204	1027.3	0.0	12.4	1.9
467080	2018021205	1027.6	0.0	12.2	1.8
467080	2018021206	1027.5	0.0	12.3	2.2
467080	2018021207	1027.9	0.0	12.3	1.4
467080	2018021208	1028.3	0.0	12.9	3.2
467080	2018021209	1029.0	0.0	13.1	1.6
467080	2018021210	1029.2	0.0	13.6	1.0
467080	2018021211	1028.7	0.0	14.2	1.7
467080	2018021212	1027.4	0.0	15.2	2.2
467080	2018021213	1026.2	0.0	16.1	0.9
467080	2018021214	1025.4	0.0	16.0	1.5
467080	2018021215	1025.0	0.0	16.1	3.1
467080	2018021216	1025.0	0.0	15.7	3.0
467080	2018021217	1025.3	0.0	15.1	3.3
467080	2018021218	1025.7	0.0	14.2	3.3
467080	2018021219	1026.1	0.0	13.9	2.2
467080	2018021220	1026.6	0.0	13.6	0.6
467080	2018021221	1026.9	0.0	13.7	1.2
467080	2018021222	1027.2	0.0	13.3	1.9
467080	2018021223	1027.3	0.0	13.2	1.2
467080	2018021300	1027.4	0.0	13.0	0.9
467080	2018021301	1027.2	0.0	12.7	1.0
467080	2018021302	1026.7	0.0	12.6	1.3
467080	2018021303	1026.6	0.0	12.4	1.4
467080	2018021304	1026.3	0.0	12.7	0.9
467080	2018021305	1026.1	0.0	12.6	0.8
467080	2018021306	1026.8	0.0	12.9	1.0
467080	2018021307	1026.7	0.0	12.9	0.7
467080	2018021308	1027.2	0.0	13.2	1.1
467080	2018021309	1027.3	0.0	13.6	0.4
467080	2018021310	1027.0	0.0	13.7	1.6
467080	2018021311	1026.5	0.0	15.7	1.6
467080	2018021312	1025.0	0.0	17.5	1.6
467080	2018021313	1023.8	0.0	17.1	2.7
467080	2018021314	1022.6	0.0	17.6	3.4
467080	2018021315	1021.8	0.0	17.4	2.5
467080	2018021316	1021.9	0.0	17.4	2.2
467080	2018021317	1022.3	0.0	17.1	1.1
467080	2018021318	1022.8	0.0	16.7	0.2
467080	2018021319	1023.2	0.0	15.9	0.3
467080	2018021320	1023.3	0.0	15.6	1.5
467080	2018021321	1023.3	0.0	15.3	1.0
467080	2018021322	1023.3	0.0	15.3	0.9
467080	2018021323	1023.1	0.0	15.1	0.9
467080	2018021400	1022.7	0.0	14.3	1.1
467080	2018021401	1022.1	0.0	14.3	1.9
467080	2018021402	1021.3	0.0	13.4	1.4
467080	2018021403	1021.1	0.0	12.6	0.3
467080	2018021404	1021.1	0.0	12.3	1.9
467080	2018021405	1021.4	0.0	12.6	1.7
467080	2018021406	1021.7	0.0	12.5	1.8
467080	2018021407	1022.0	0.0	12.8	1.6
467080	2018021408	1022.0	0.0	14.1	1.5
467080	2018021409	1021.9	0.0	17.4	0.7
467080	2018021410	1021.4	0.0	20.2	2.1
467080	2018021411	1020.2	0.0	21.7	2.3
467080	2018021412	1019.0	0.0	22.1	2.5
467080	2018021413	1017.8	0.0	23.2	2.5
467080	2018021414	1016.6	0.0	23.2	1.9
467080	2018021415	1016.3	0.0	22.7	2.7
467080	2018021416	1016.4	0.0	22.2	3.5
467080	2018021417	1016.6	0.0	21.3	1.7
467080	2018021418	1016.6	0.0	20.1	1.6
467080	2018021419	1017.0	0.0	18.4	1.6
467080	2018021420	1017.4	0.0	17.4	2.0
467080	2018021421	1017.5	0.0	16.8	2.2
467080	2018021422	1017.7	0.0	16.7	1.2
467080	2018021423	1017.7	0.0	16.0	3.2
467080	2018021500	1017.7	0.0	16.0	1.6
467080	2018021501	1017.5	0.0	15.1	0.8
467080	2018021502	1017.2	0.0	15.3	1.4
467080	2018021503	1016.9	0.0	15.2	2.3
467080	2018021504	1017.0	0.0	15.4	1.6
467080	2018021505	1017.0	0.0	15.3	1.3
467080	2018021506	1017.7	0.0	14.4	1.1
467080	2018021507	1018.3	0.0	15.7	2.2
467080	2018021508	1018.3	0.0	17.8	1.9
467080	2018021509	1018.2	0.0	21.6	1.5
467080	2018021510	1017.8	0.0	24.4	2.8
467080	2018021511	1016.8	0.0	26.0	2.3
467080	2018021512	1015.9	0.0	25.6	2.7
467080	2018021513	1014.8	0.0	26.7	2.9
467080	2018021514	1014.1	0.0	25.6	4.2
467080	2018021515	1013.6	0.0	25.0	4.7
467080	2018021516	1013.7	0.0	24.5	5.0
467080	2018021517	1014.0	0.0	22.9	4.2
467080	2018021518	1014.5	0.0	22.3	3.5
467080	2018021519	1014.9	0.0	20.7	2.3
467080	2018021520	1015.2	0.0	19.9	1.1
467080	2018021521	1015.4	0.0	19.0	0.7
467080	2018021522	1015.3	0.0	18.6	0.2
467080	2018021523	1015.1	0.0	18.1	0.7
467080	2018021600	1015.0	0.0	18.1	1.4
467080	2018021601	1014.6	0.0	17.7	2.6
467080	2018021602	1014.1	0.0	18.3	1.5
467080	2018021603	1013.5	0.0	17.3	2.0
467080	2018021604	1013.3	0.0	17.3	0.8
467080	2018021605	1013.4	0.0	16.7	0.7
467080	2018021606	1013.9	0.0	16.6	1.3
467080	2018021607	1014.2	0.0	17.3	3.2
467080	2018021608	1014.3	0.0	20.1	1.7
467080	2018021609	1014.6	0.0	23.2	0.5
467080	2018021610	1014.3	0.0	25.7	0.7
467080	2018021611	1013.5	0.0	27.0	1.4
467080	2018021612	1012.9	0.0	26.5	3.0
467080	2018021613	1012.2	0.0	24.4	3.1
467080	2018021614	1011.8	0.0	24.8	1.7
467080	2018021615	1011.5	0.0	24.7	2.4
467080	2018021616	1012.0	0.0	24.7	2.0
467080	2018021617	1012.7	0.0	23.8	1.4
467080	2018021618	1012.9	0.0	22.7	1.8
467080	2018021619	1013.1	0.0	21.7	0.6
467080	2018021620	1013.7	0.0	21.9	1.6
467080	2018021621	1014.7	0.0	20.7	1.8
467080	2018021622	1015.4	0.0	20.8	3.1
467080	2018021623	1016.4	0.0	19.9	5.1
467080	2018021700	1016.9	0.0	19.5	5.8
467080	2018021701	1017.2	0.0	18.8	5.0
467080	2018021702	1017.3	0.0	18.6	4.6
467080	2018021703	1017.6	0.0	18.4	4.9
467080	2018021704	1017.9	0.0	17.7	4.3
467080	2018021705	1018.5	0.0	17.6	3.9
467080	2018021706	1019.1	0.0	17.4	4.0
467080	2018021707	1019.8	0.0	17.3	2.5
467080	2018021708	1020.6	0.0	17.2	1.8
467080	2018021709	1021.2	0.0	17.2	1.7
467080	2018021710	1021.5	-9998	16.8	1.0
467080	2018021711	1021.2	-9998	16.7	1.4
467080	2018021712	1020.4	0.6	16.6	2.0
467080	2018021713	1019.4	0.8	16.7	1.6
467080	2018021714	1018.8	0.3	16.5	0.3
467080	2018021715	1018.6	0.8	16.2	1.1
467080	2018021716	1018.6	0.5	16.3	0.9
467080	2018021717	1019.0	0.2	16.3	1.3
467080	2018021718	1019.2	0.2	16.3	1.0
467080	2018021719	1019.5	0.0	16.6	1.6
467080	2018021720	1019.6	0.0	16.7	1.6
467080	2018021721	1019.6	0.0	16.7	1.3
467080	2018021722	1019.4	0.0	17.1	1.9
467080	2018021723	1018.8	0.0	17.1	1.2
467080	2018021800	1018.8	0.0	17.0	1.6
467080	2018021801	1018.4	0.0	16.9	1.4
467080	2018021802	1018.1	0.0	16.4	1.4
467080	2018021803	1017.9	0.5	16.5	1.6
467080	2018021804	1017.7	0.0	16.6	1.6
467080	2018021805	1018.3	0.0	16.7	1.4
467080	2018021806	1018.7	0.0	17.0	2.2
467080	2018021807	1019.3	0.0	17.0	1.5
467080	2018021808	1019.5	0.0	18.1	0.7
467080	2018021809	1019.4	0.0	20.6	0.9
467080	2018021810	1019.2	0.0	23.1	1.3
467080	2018021811	1018.7	0.0	23.8	1.9
467080	2018021812	1017.6	0.0	25.4	2.2
467080	2018021813	1016.5	0.0	25.0	2.0
467080	2018021814	1015.7	0.0	25.5	2.1
467080	2018021815	1015.3	0.0	24.7	3.1
467080	2018021816	1015.6	0.0	23.5	3.0
467080	2018021817	1016.0	0.0	22.6	2.9
467080	2018021818	1016.1	0.0	22.0	3.1
467080	2018021819	1016.3	0.0	20.5	1.9
467080	2018021820	1016.6	0.0	19.7	1.8
467080	2018021821	1016.8	0.0	19.0	1.9
467080	2018021822	1016.8	0.0	18.9	1.2
467080	2018021823	1016.6	0.0	18.4	1.5
467080	2018021900	1016.4	0.0	18.3	1.2
467080	2018021901	1016.5	0.0	17.6	0.6
467080	2018021902	1016.3	0.0	17.6	1.9
467080	2018021903	1016.3	0.0	17.4	0.9
467080	2018021904	1016.1	0.0	17.3	1.2
467080	2018021905	1016.5	0.0	16.8	0.9
467080	2018021906	1017.0	0.0	16.7	1.1
467080	2018021907	1017.5	0.0	17.1	2.0
467080	2018021908	1017.5	0.0	19.8	0.1
467080	2018021909	1017.8	0.0	22.9	0.2
467080	2018021910	1017.7	0.0	24.5	1.4
467080	2018021911	1017.1	0.0	25.3	1.4
467080	2018021912	1015.8	0.0	26.4	2.5
467080	2018021913	1014.6	0.0	26.3	2.6
467080	2018021914	1013.9	0.0	25.9	3.1
467080	2018021915	1013.4	0.0	25.9	2.8
467080	2018021916	1013.0	0.0	24.2	2.6
467080	2018021917	1013.1	0.0	24.1	2.3
467080	2018021918	1013.0	0.0	23.4	2.0
467080	2018021919	1013.4	0.0	22.0	1.2
467080	2018021920	1013.9	0.0	20.7	0.8
467080	2018021921	1014.3	0.0	20.5	1.8
467080	2018021922	1014.5	0.0	19.9	1.1
467080	2018021923	1014.6	0.0	19.6	1.5
467080	2018022000	1014.4	0.0	19.3	1.1
467080	2018022001	1014.2	0.0	19.0	1.0
467080	2018022002	1014.3	0.0	18.5	1.9
467080	2018022003	1014.4	0.0	18.8	1.7
467080	2018022004	1014.7	0.0	17.9	0.1
467080	2018022005	1015.2	0.0	17.9	0.2
467080	2018022006	1015.8	0.0	18.8	0.4
467080	2018022007	1016.1	0.0	19.4	1.9
467080	2018022008	1016.2	0.0	20.9	1.4
467080	2018022009	1016.3	0.0	22.9	0.6
467080	2018022010	1016.0	0.0	23.7	1.5
467080	2018022011	1015.4	0.0	24.9	3.0
467080	2018022012	1014.8	0.0	24.8	3.0
467080	2018022013	1013.8	0.0	25.7	2.9
467080	2018022014	1013.0	0.0	24.3	3.2
467080	2018022015	1012.8	0.0	23.5	3.1
467080	2018022016	1012.9	0.0	22.7	2.7
467080	2018022017	1013.1	0.0	22.1	2.0
467080	2018022018	1013.1	0.0	21.8	0.5
467080	2018022019	1013.1	0.0	22.0	1.1
467080	2018022020	1013.1	0.0	21.5	1.0
467080	2018022021	1013.0	0.0	21.6	0.7
467080	2018022022	1013.4	0.0	21.2	1.7
467080	2018022023	1013.0	0.0	21.2	1.2
467080	2018022100	1012.9	0.0	20.4	1.4
467080	2018022101	1012.7	0.0	20.3	1.3
467080	2018022102	1012.8	0.0	20.2	0.9
467080	2018022103	1012.6	0.0	20.0	0.8
467080	2018022104	1012.6	0.0	20.1	3.2
467080	2018022105	1013.0	0.0	19.4	3.5
467080	2018022106	1014.1	0.0	18.9	3.8
467080	2018022107	1015.0	0.0	19.3	3.3
467080	2018022108	1015.7	0.0	19.5	1.4
467080	2018022109	1016.4	0.0	19.9	1.2
467080	2018022110	1016.6	0.0	19.8	1.6
467080	2018022111	1016.7	0.0	19.8	0.7
467080	2018022112	1016.4	0.0	20.0	1.9
467080	2018022113	1015.7	0.0	19.5	3.7
467080	2018022114	1015.1	0.0	18.7	4.9
467080	2018022115	1015.1	0.0	18.5	4.6
467080	2018022116	1015.0	0.0	18.6	5.4
467080	2018022117	1015.6	0.0	18.0	3.9
467080	2018022118	1016.0	-9998	17.7	3.8
467080	2018022119	1016.6	-9998	17.6	2.0
467080	2018022120	1017.4	-9998	17.6	1.3
467080	2018022121	1017.5	-9998	16.9	1.3
467080	2018022122	1017.7	0.2	16.7	1.4
467080	2018022123	1017.7	0.1	16.6	0.7
467080	2018022200	1017.5	0.2	16.5	0.7
467080	2018022201	1017.2	-9998	16.5	1.4
467080	2018022202	1017.1	0.5	16.4	1.8
467080	2018022203	1017.1	-9998	16.5	0.7
467080	2018022204	1017.0	-9998	16.5	0.6
467080	2018022205	1017.7	-9998	16.6	0.2
467080	2018022206	1018.3	-9998	16.4	2.7
467080	2018022207	1018.9	-9998	16.4	2.5
467080	2018022208	1019.1	0.5	15.9	1.8
467080	2018022209	1019.2	0.0	16.4	1.1
467080	2018022210	1019.2	0.0	16.8	1.1
467080	2018022211	1018.9	-9998	16.1	2.5
467080	2018022212	1017.7	-9998	16.9	1.2
467080	2018022213	1017.0	1.0	16.6	0.9
467080	2018022214	1016.8	0.5	16.5	4.7
467080	2018022215	1017.1	1.0	16.4	3.1
467080	2018022216	1018.1	2.5	16.4	0.8
467080	2018022217	1018.4	2.0	15.9	2.7
467080	2018022218	1019.0	3.0	15.5	1.8
467080	2018022219	1019.9	2.0	15.5	1.2
467080	2018022220	1020.1	1.5	15.2	0.1
467080	2018022221	1020.2	-9998	15.4	1.3
467080	2018022222	1020.8	-9998	15.4	1.2
467080	2018022223	1020.8	0.5	15.2	0.8
467080	2018022300	1020.7	-9998	15.1	0.4
467080	2018022301	1020.1	-9998	15.2	0.4
467080	2018022302	1020.0	-9998	15.0	0.8
467080	2018022303	1019.7	0.0	15.1	0.9
467080	2018022304	1019.9	0.0	15.0	1.3
467080	2018022305	1020.4	0.0	15.5	1.7
467080	2018022306	1021.2	0.0	15.4	1.6
467080	2018022307	1021.6	0.0	15.2	1.3
467080	2018022308	1022.2	0.0	15.3	1.0
467080	2018022309	1022.6	-9998	15.4	0.8
467080	2018022310	1022.5	-9998	15.0	1.0
467080	2018022311	1022.2	-9998	15.3	2.3
467080	2018022312	1021.1	-9998	15.6	1.9
467080	2018022313	1020.5	-9998	15.8	1.6
467080	2018022314	1019.9	-9998	15.4	1.8
467080	2018022315	1019.8	-9998	15.5	1.7
467080	2018022316	1019.6	-9998	15.7	1.9
467080	2018022317	1019.9	-9998	15.8	1.7
467080	2018022318	1020.5	0.2	15.7	1.8
467080	2018022319	1020.7	0.1	15.7	1.1
467080	2018022320	1021.3	-9998	16.1	1.3
467080	2018022321	1021.5	-9998	16.4	1.6
467080	2018022322	1020.9	0.0	16.4	0.9
467080	2018022323	1021.1	0.0	16.7	1.8
467080	2018022400	1020.2	0.0	16.8	2.0
467080	2018022401	1019.7	0.0	16.6	2.2
467080	2018022402	1019.1	0.0	16.2	1.6
467080	2018022403	1018.9	0.0	16.2	1.5
467080	2018022404	1018.5	0.0	15.9	1.2
467080	2018022405	1018.6	0.0	16.2	1.1
467080	2018022406	1018.7	0.0	15.9	1.1
467080	2018022407	1018.8	0.0	16.3	1.6
467080	2018022408	1019.8	0.0	17.6	0.2
467080	2018022409	1020.1	0.0	19.2	1.4
467080	2018022410	1020.1	0.0	22.0	0.9
467080	2018022411	1019.6	-9998	22.4	1.1
467080	2018022412	1019.0	-9998	23.0	1.3
467080	2018022413	1017.8	0.0	23.0	1.3
467080	2018022414	1017.0	0.0	23.4	1.5
467080	2018022415	1016.9	0.0	22.6	1.6
467080	2018022416	1017.0	0.0	22.6	2.0
467080	2018022417	1017.0	0.0	21.9	1.8
467080	2018022418	1017.5	0.0	21.0	0.9
467080	2018022419	1017.9	0.0	19.6	1.3
467080	2018022420	1018.4	0.0	19.4	1.1
467080	2018022421	1018.5	0.0	19.1	2.0
467080	2018022422	1018.2	0.0	18.1	0.1
467080	2018022423	1018.1	0.0	18.1	0.6
467080	2018022500	1017.9	0.0	17.8	1.6
467080	2018022501	1017.5	0.0	17.5	1.2
467080	2018022502	1016.7	0.0	17.9	1.1
467080	2018022503	1016.2	0.0	17.3	1.4
467080	2018022504	1015.9	0.0	16.8	0.3
467080	2018022505	1016.1	0.0	17.4	1.5
467080	2018022506	1016.4	0.0	16.8	1.6
467080	2018022507	1016.9	0.0	17.6	1.7
467080	2018022508	1017.4	0.0	19.9	0.7
467080	2018022509	1017.7	0.0	22.4	0.6
467080	2018022510	1017.5	0.0	23.8	1.8
467080	2018022511	1016.9	0.0	23.9	1.3
467080	2018022512	1016.7	0.5	21.9	3.3
467080	2018022513	1015.7	0.8	21.8	2.3
467080	2018022514	1015.8	-9998	20.1	4.0
467080	2018022515	1015.9	-9998	20.2	2.0
467080	2018022516	1016.5	0.0	20.1	2.3
467080	2018022517	1017.6	0.0	19.2	3.0
467080	2018022518	1018.4	0.0	18.6	4.8
467080	2018022519	1019.1	0.0	18.0	3.4
467080	2018022520	1020.0	0.9	16.8	3.0
467080	2018022521	1020.6	0.0	17.2	2.4
467080	2018022522	1021.1	0.0	17.2	2.0
467080	2018022523	1021.2	0.0	17.0	2.0
467080	2018022600	1021.1	0.0	16.8	0.9
467080	2018022601	1020.7	-9998	16.7	0.8
467080	2018022602	1020.7	-9998	16.1	0.6
467080	2018022603	1020.2	1.0	15.7	0.8
467080	2018022604	1019.8	0.0	15.8	1.0
467080	2018022605	1020.0	0.0	15.9	1.1
467080	2018022606	1020.5	0.0	15.8	0.9
467080	2018022607	1021.1	0.0	15.9	1.1
467080	2018022608	1021.8	0.0	16.1	1.1
467080	2018022609	1022.2	0.0	16.8	1.4
467080	2018022610	1022.4	0.0	17.6	1.5
467080	2018022611	1021.9	0.0	18.1	0.8
467080	2018022612	1021.0	0.0	18.0	1.1
467080	2018022613	1020.5	0.0	17.9	3.2
467080	2018022614	1020.2	0.0	17.8	2.8
467080	2018022615	1020.2	0.0	17.3	3.6
467080	2018022616	1020.2	0.0	17.4	0.2
467080	2018022617	1020.7	-9998	15.9	1.8
467080	2018022618	1020.8	-9998	16.3	2.5
467080	2018022619	1021.2	0.0	16.5	1.7
467080	2018022620	1021.5	0.0	16.4	1.2
467080	2018022621	1021.6	0.0	16.5	1.3
467080	2018022622	1021.3	0.0	16.5	1.2
467080	2018022623	1020.8	0.0	16.6	1.6
467080	2018022700	1020.3	0.0	17.0	0.9
467080	2018022701	1019.7	0.0	17.0	0.9
467080	2018022702	1018.9	0.0	17.0	1.1
467080	2018022703	1018.1	0.0	17.0	1.6
467080	2018022704	1017.7	0.0	16.4	1.5
467080	2018022705	1017.6	0.0	16.7	1.2
467080	2018022706	1018.1	0.0	16.6	1.6
467080	2018022707	1018.5	0.0	17.2	2.0
467080	2018022708	1018.6	0.0	19.0	2.4
467080	2018022709	1018.5	0.0	21.1	1.1
467080	2018022710	1018.5	0.0	22.7	0.6
467080	2018022711	1018.2	0.0	23.5	1.5
467080	2018022712	1017.4	0.0	24.0	1.9
467080	2018022713	1016.3	0.0	23.2	3.2
467080	2018022714	1015.4	0.0	22.6	3.9
467080	2018022715	1014.8	0.0	22.7	2.2
467080	2018022716	1014.8	0.0	22.4	2.9
467080	2018022717	1015.0	0.0	22.4	3.0
467080	2018022718	1015.0	0.0	21.7	1.6
467080	2018022719	1015.2	0.0	21.0	1.6
467080	2018022720	1015.4	0.0	19.5	2.4
467080	2018022721	1015.8	0.0	19.3	1.6
467080	2018022722	1015.3	0.0	18.5	2.0
467080	2018022723	1015.3	0.0	18.4	1.9
467080	2018022800	1014.7	0.0	18.1	1.3
467080	2018022801	1013.8	0.0	17.5	1.8
467080	2018022802	1013.6	0.0	17.1	1.8
467080	2018022803	1012.9	0.0	17.1	1.7
467080	2018022804	1012.2	0.0	17.4	1.5
467080	2018022805	1012.2	0.0	17.0	1.8
467080	2018022806	1012.3	0.0	16.5	1.0
467080	2018022807	1012.1	0.0	17.0	1.0
467080	2018022808	1012.5	0.0	20.3	0.2
467080	2018022809	1013.0	0.0	21.4	0.2
467080	2018022810	1012.7	0.0	22.0	1.4
467080	2018022811	1012.5	-9998	22.5	1.3
467080	2018022812	1011.9	-9998	22.9	2.1
467080	2018022813	1011.3	-9998	22.9	1.2
467080	2018022814	1010.7	0.0	24.4	2.6
467080	2018022815	1011.3	0.7	21.5	4.5
467080	2018022816	1010.7	0.8	22.3	2.9
467080	2018022817	1010.3	0.0	22.3	2.4
467080	2018022818	1010.2	0.0	21.3	1.1
467080	2018022819	1010.7	0.0	21.9	1.9
467080	2018022820	1011.7	0.0	20.6	1.0
467080	2018022821	1012.3	0.0	19.5	2.1
467080	2018022822	1012.4	0.0	18.9	1.8
467080	2018022823	1012.7	0.0	18.5	1.6
467080	2018030100	1012.6	0.0	18.7	2.5
