    0.5000    2.0233
    8.5000    8.6362
   16.5000   12.1303
   24.5000   14.8529
   32.5000   17.1661
   40.5000   19.6514
   56.5000   19.2963
   64.5000   18.4415
   72.5000   17.6843
   80.5000   17.0022
   88.5000   16.3786
   96.5000   15.8015
  104.5000   15.2619
  112.5000   14.7534
  120.5000   14.2710
  128.5000   13.8111
  136.5000   13.3708
  144.5000   12.9481
  152.5000   12.5413
  160.5000   12.1492
  168.5000   11.7707
  176.5000   11.4049
  184.5000   11.0513
  192.5000   10.7091
