45004 Kings Park Observations at 12Z 16 Dec 2020
-----------------------------------------------------------------------------
   PRES   HGHT   TEMP   DWPT   RELH   MIXR   DRCT   SKNT   THTA   THTE   THTV
    hPa     m      C      C      %    g/kg    deg   knot     K      K      K 
-----------------------------------------------------------------------------
 1015.0     66   14.0    7.0     63   6.23      0      0  285.9  303.6  287.0
 1000.0    194   12.8    6.8     67   6.23     35      4  285.9  303.6  287.0
  953.0    595   10.4    7.7     83   6.97     70     10  287.5  307.4  288.7
  941.0    701    9.8    8.0     88   7.18     70     14  287.9  308.4  289.2
  929.0    808    9.2    8.2     94   7.40     70     10  288.4  309.4  289.6
  925.0    844    9.0    8.3     95   7.48     70     10  288.5  309.8  289.8
  894.0   1126    7.4    7.4    100   7.27    130      8  289.7  310.5  290.9
  890.0   1164   10.2    8.6     90   7.94    138      8  292.9  315.9  294.3
  853.0   1519   10.8    7.6     81   7.73    214      6  297.1  319.9  298.5
  850.0   1548   11.2    7.5     78   7.71    220      6  297.9  320.7  299.2
  843.0   1617   12.1    6.6     69   7.32    195     10  299.5  321.4  300.8
  833.0   1718   13.4    5.4     58   6.79    192     10  301.9  322.5  303.1
  826.0   1788   12.8    5.3     60   6.78    190     10  302.1  322.6  303.3
  734.0   2765    5.1    3.2     88   6.63    305     10  304.0  324.2  305.2
  724.0   2879    4.2    3.0     92   6.61    305     10  304.2  324.4  305.4
  715.0   2983    3.4    2.8     96   6.59    296     13  304.4  324.5  305.6
  707.0   3075    8.2   -1.8     49   4.77    287     17  310.6  325.8  311.5
  700.0   3157    8.0   -4.0     42   4.08    280     19  311.3  324.4  312.1
  695.0   3216    8.2   -9.8     27   2.63    279     20  312.2  320.9  312.7
  680.0   3395    7.3  -11.4     25   2.37    275     23  313.1  321.0  313.6
  672.0   3493    6.8  -12.2     24   2.24    274     24  313.6  321.1  314.1
  650.0   3765    4.2   -2.8     60   4.81    272     25  313.7  329.2  314.6
  637.0   3929    3.7  -13.8     26   2.07    270     25  314.9  322.0  315.3
  634.0   3967    3.6  -16.4     22   1.68    271     27  315.2  321.0  315.6
  624.0   4095    2.7  -14.2     28   2.04    275     31  315.6  322.6  316.0
  602.0   4385    0.6   -9.4     47   3.13    280     31  316.5  326.9  317.1
  584.0   4628    0.6  -18.4     23   1.55    285     31  319.2  324.6  319.5
  582.0   4655    0.6  -19.4     21   1.42    284     31  319.5  324.5  319.8
  569.0   4836    0.2  -24.8     13   0.90    279     31  321.1  324.4  321.3
  540.0   5253   -2.7  -28.7     12   0.67    267     31  322.5  325.0  322.6
  528.0   5430   -3.5  -27.5     14   0.76    261     31  323.6  326.4  323.8
  525.0   5475   -3.2  -29.7     11   0.62    260     31  324.6  326.9  324.7
  521.0   5536   -2.7  -32.7      8   0.47    263     30  325.8  327.6  325.9
  511.0   5688   -3.5  -32.6      8   0.49    270     27  326.6  328.5  326.7
  500.0   5860   -4.5  -32.5      9   0.50    265     31  327.5  329.4  327.6
  477.0   6229   -5.9  -39.9      5   0.25    252     31  330.2  331.2  330.2
  464.0   6441   -7.5  -40.3      5   0.25    245     31  330.8  331.8  330.8
  444.0   6779  -10.1  -40.9      6   0.24    265     33  331.7  332.7  331.7
  400.0   7580  -16.3  -42.3      9   0.23    255     33  333.7  334.7  333.8
  394.0   7692  -17.1  -42.5      9   0.23    255     37  334.1  335.0  334.1
  342.0   8739  -25.1  -44.1     15   0.22    270     40  337.0  338.0  337.1
  327.0   9061  -27.0  -48.4     11   0.15    275     41  338.7  339.4  338.8
  300.0   9680  -30.7  -56.7      6   0.06    265     45  342.0  342.3  342.0
  265.0  10534  -36.8  -61.9      6   0.03    260     47  345.4  345.6  345.5
  259.0  10692  -37.9  -62.9      6   0.03    260     46  346.1  346.2  346.1
  250.0  10930  -41.5  -63.5      7   0.03    260     45  344.2  344.4  344.2
  200.0  12430  -52.9  -68.9     13   0.02    270     41  348.8  348.9  348.8
  179.0  13134  -59.4  -68.2     31   0.02    260     35  349.4  349.5  349.4
  177.0  13205  -60.1  -68.1     34   0.02    262     36  349.4  349.5  349.4
  176.0  13241  -60.1  -68.1     34   0.02    263     36  350.0  350.1  350.0
  166.0  13599  -63.0  -72.8     25   0.01    275     39  351.1  351.2  351.1
  150.0  14220  -67.9  -80.9     14   0.00    260     39  352.9  352.9  352.9
  125.0  15298  -74.3  -85.3     17   0.00    247     43  360.2  360.2  360.2
  113.0  15878  -78.1  -85.9     27   0.00    240     45  363.7  363.7  363.7
  110.0  16033  -79.1  -86.1     31   0.00    243     43  364.6  364.6  364.6
  101.0  16514  -81.7  -86.7     43   0.00    254     38  368.6  368.6  368.6
  100.0  16570  -81.9  -86.9     43   0.00    255     37  369.2  369.3  369.2
   98.3  16666  -81.9  -86.9     43   0.00    255     39  371.1  371.1  371.1
   98.0                                       255     39                     
Station information and sounding indices
                             Station number: 45004
                           Observation time: 201216/1200
                           Station latitude: 22.31
                          Station longitude: 114.17
                          Station elevation: 66.0
                            Showalter index: 11.60
                               Lifted index: 21.18
    LIFT computed using virtual temperature: 21.12
                                SWEAT index: 132.74
                                    K index: 11.20
                         Cross totals index: 12.00
                      Vertical totals index: 15.70
                        Totals totals index: 27.70
      Convective Available Potential Energy: 0.00
             CAPE using virtual temperature: 0.00
                      Convective Inhibition: 0.00
             CINS using virtual temperature: 0.00
                     Bulk Richardson Number: 0.00
          Bulk Richardson Number using CAPV: 0.00
  Temp [K] of the Lifted Condensation Level: 279.19
Pres [hPa] of the Lifted Condensation Level: 913.81
   Equivalent potential temp [K] of the LCL: 304.83
     Mean mixed layer potential temperature: 286.49
              Mean mixed layer mixing ratio: 6.49
              1000 hPa to 500 hPa thickness: 5666.00
Precipitable water [mm] for entire sounding: 26.52