89009 Amundsen-Scott Observations at 12Z 16 Dec 2020
-----------------------------------------------------------------------------
   PRES   HGHT   TEMP   DWPT   RELH   MIXR   DRCT   SKNT   THTA   THTE   THTV
    hPa     m      C      C      %    g/kg    deg   knot     K      K      K 
-----------------------------------------------------------------------------
 1000.0   -189                                                               
  925.0    465                                                               
  850.0   1159                                                               
  700.0   2672                                                               
  685.0   2835  -18.3  -21.2     78   1.03    320     18  283.9  287.1  284.1
  683.0   2857  -18.5  -21.3     79   1.03    335     12  283.9  287.1  284.1
  664.0   3066  -20.7  -21.9     90   1.00    323     21  283.8  286.9  283.9
  652.0   3198  -21.5  -22.8     89   0.95    315     26  284.4  287.4  284.6
  533.0   4659  -29.9  -32.3     80   0.48    311     31  291.2  292.8  291.2
  500.0   5110  -33.1  -35.4     80   0.38    310     32  292.6  293.9  292.7
  454.0   5781  -38.5  -40.7     80   0.24    310     38  294.0  294.9  294.1
  429.0   6168  -41.3  -44.6     70   0.17    310     42  295.3  295.9  295.3
  400.0   6640  -44.9  -47.9     72   0.13    310     46  296.6  297.0  296.6
  341.0   7692  -52.3  -55.1     72   0.06    307     56  300.3  300.6  300.3
  305.0   8406  -58.1  -61.9     62   0.03    305     63  301.9  302.0  301.9
  300.0   8510  -59.1  -62.7     63   0.03    305     64  301.9  302.0  301.9
  283.0   8870  -61.9  -64.4     72   0.02    305     66  303.0  303.1  303.0
  275.0   9048  -63.3  -65.3     76   0.02    305     62  303.5  303.6  303.5
  262.0   9344  -63.5  -70.5     38   0.01    302     54  307.4  307.4  307.4
  250.0   9630  -63.9  -72.9     28   0.01    300     47  310.9  311.0  310.9
  247.0   9704  -63.7  -72.7     28   0.01    300     46  312.3  312.4  312.3
  200.0  10990  -64.7  -80.7      9   0.00    295     28  330.1  330.2  330.1
  192.0  11238  -65.0  -81.4      9   0.00    300     23  333.5  333.5  333.5
  150.0  12740  -66.9  -85.9      5   0.00    300     17  354.6  354.7  354.6
  147.0  12861  -67.0  -86.1      5   0.00    300     19  356.6  356.6  356.6
  127.0  13741  -67.5  -87.7      4   0.00    285     13  370.9  370.9  370.9
  116.0  14286  -67.8  -88.6      4   0.00    265     12  380.0  380.0  380.0
  113.0  14443  -67.9  -88.9      4   0.00    280     13  382.7  382.7  382.7
  108.0  14716  -67.2  -88.5      3   0.00    255     11  389.1  389.1  389.1
  100.0  15180  -65.9  -87.9      3   0.00    265      8  400.1  400.1  400.1
   95.0  15495  -65.1  -88.0      3   0.00    250     10  407.6  407.6  407.6
   88.0  15965  -63.9  -88.0      2   0.00    275     10  419.0  419.1  419.0
   85.0  16178  -63.4  -88.1      2   0.00    235     10  424.3  424.3  424.3
   70.0  17370  -60.3  -88.3      1   0.00    225      6  455.0  455.1  455.0
   67.0  17645  -59.7  -88.2      1   0.00    205     10  462.2  462.2  462.2
   64.5  17883  -59.1  -88.1      1   0.00    172     10  468.4  468.4  468.4
   64.0  17933  -58.9  -88.0      1   0.00    165     10  469.9  470.0  469.9
   56.0  18785  -55.2  -86.0      1   0.00    230      1  496.6  496.7  496.6
   50.8  19407  -52.5  -84.5      1   0.01    161      8  517.0  517.0  517.0
   50.0  19510  -51.5  -84.5      1   0.01    150      9  521.7  521.7  521.7
   49.0  19647  -50.7  -84.2      1   0.01    125     11  526.5  526.6  526.5
   44.0  20378  -46.6  -82.4      1   0.01    170     10  552.9  553.0  552.9
   43.0  20535  -45.8  -82.0      1   0.01    145     12  558.7  558.8  558.7
   41.0  20858  -44.0  -81.2      1   0.01    140     10  570.9  571.0  570.9
   40.0  21026  -43.0  -80.8      1   0.01    155     12  577.3  577.4  577.3
   38.0  21374  -41.1  -80.0      1   0.02    105     20  590.7  590.9  590.8
   37.0  21555  -40.1  -79.5      1   0.02     90     14  597.9  598.0  597.9
   36.0  21742  -39.0  -79.1      1   0.02    125     10  605.2  605.4  605.3
   34.0  22130  -36.9  -78.2      1   0.03    110     27  620.9  621.2  620.9
   32.0  22542  -34.5  -77.2      1   0.03     55     14  637.9  638.2  637.9
   31.0  22757  -33.4  -76.6      0   0.04     65     10  647.0  647.3  647.0
   30.0  22980  -32.1  -76.1      0   0.04    120     17  656.5  656.9  656.5
   29.0  23225  -30.6  -75.2      0   0.05     80     15  667.0  667.5  667.1
   28.0  23479  -29.0  -74.2      0   0.06    110     15  678.2  678.7  678.2
   26.0  24016  -25.7  -72.1      0   0.09     95     20  702.1  703.0  702.2
   24.0  24595  -22.1  -69.8      0   0.13    105     20  728.8  730.2  728.9
   23.7  24686  -21.5  -69.5      0   0.14    103     21  733.1  734.5  733.1
   21.0  25587  -18.8  -67.5      1   0.21     80     32  767.0  769.2  767.1
   20.0  25950  -17.7  -66.7      1   0.24     75     26  781.1  783.8  781.2
   18.3  26616  -16.7  -65.7      1   0.30     83     28  804.4  807.8  804.5
   17.2  27082  -15.9  -64.9      1   0.36     89     30  821.3  825.4  821.5
   17.0                                        90     30                     
Station information and sounding indices
                             Station number: 89009
                           Observation time: 201216/1200
                           Station latitude: -90.00
                          Station longitude: 0.00
                          Station elevation: 2835.0
                               Lifted index: 5.24
    LIFT computed using virtual temperature: 5.25
      Convective Available Potential Energy: 0.00
             CAPE using virtual temperature: 0.00
                      Convective Inhibition: 0.00
             CINS using virtual temperature: 0.00
                     Bulk Richardson Number: 0.00
          Bulk Richardson Number using CAPV: 0.00
  Temp [K] of the Lifted Condensation Level: 250.63
Pres [hPa] of the Lifted Condensation Level: 644.58
   Equivalent potential temp [K] of the LCL: 287.19
     Mean mixed layer potential temperature: 284.16
              Mean mixed layer mixing ratio: 0.98
              1000 hPa to 500 hPa thickness: 5299.00
Precipitable water [mm] for entire sounding: 1.70