 1006.700012
 1007.500000
 1007.299988
 1004.400024
 1008.799988
 1009.200012
 1008.000000
 1009.900024
 1014.099976
 1012.799988
 1007.599976
 1003.799988
 1006.799988
 1007.000000
 1007.599976
 1005.900024
 1003.500000
 1002.799988
 1004.000000
 1005.099976
 1006.799988
 1006.500000
 1005.799988
 1003.900024
 1004.299988
 1003.799988
 1005.500000
 1006.599976
 1009.400024
 1006.900024
 1007.099976
 1005.599976
 1006.500000
 1004.400024
 1004.500000
 1003.400024
 1003.799988
 1002.000000
 1001.900024
 1001.900024
 1002.000000
 998.2999878
 996.7999878
 995.4000244
 1001.799988
 1001.200012
 1001.099976
 1000.500000
 1000.900024
 999.0000000
 999.2999878
 997.9000244
 1003.900024
 1006.700012
 1008.000000
 1008.200012
 1009.000000
 1008.299988
 1008.500000
 1005.099976
 1005.799988
 1002.400024
 1004.500000
 1007.799988
 1008.799988
 1007.599976
 1007.200012
 1005.400024
 1007.200012
 1008.299988
 1010.599976
 1010.200012
 1008.700012
 1005.000000
 1002.799988
 999.7000122
 998.2999878
 1000.299988
 998.5000000
 999.2999878
 1001.200012
 1000.000000
 1003.000000
 1004.500000
 1006.000000
 1007.099976
 1005.500000
 1003.299988
 1004.500000
 1002.700012
 1000.200012
 998.0000000
 997.7000122
 1002.000000
 1002.900024
 1002.000000
 1002.500000
 1000.299988
 1000.299988
 1005.200012
 1005.099976
 1002.299988
 1004.400024
 1000.500000
 1000.500000
 997.0999756
 998.2000122
 996.5000000
 1000.299988
 1000.799988
 1002.200012
 1000.000000
 1001.099976
 999.0999756
 1002.500000
 1002.299988
 1000.799988
 997.5000000
 997.0000000
 996.7000122
 997.2999878
 994.7000122
 993.5000000
 996.4000244
 999.4000244
 996.4000244
 996.5000000
 993.4000244
 997.2000122
 998.7999878
 1002.400024
 1004.099976
 1005.799988
 1007.200012
 1007.900024
 1005.799988
 1008.299988
 1008.500000
 1007.400024
 1005.500000
 1007.400024
 1006.799988
 1009.200012
 1007.799988
 1006.700012
 1002.400024
 1001.099976
 998.7999878
 1000.200012
 998.9000244
 1000.799988
 1000.500000
 1004.900024
 1003.799988
 1004.599976
 1002.500000
 1001.500000
 1001.799988
 1003.900024
 1004.799988
 1006.799988
 1004.500000
 1004.400024
 1002.900024
 1003.099976
 1002.799988
 1004.000000
 1001.299988
 1002.200012
 999.2000122
 998.9000244
 1000.099976
 999.0000000
 998.2999878
 997.4000244
 996.2000122
 998.0999756
 996.2999878
 995.5000000
 991.5000000
 992.9000244
 989.0999756
 989.9000244
 989.2000122
 994.2000122
 992.2000122
 995.2999878
 996.4000244
 1000.299988
 998.7000122
 999.7000122
 998.2999878
 996.9000244
 996.2000122
 998.2999878
 999.0999756
 998.7999878
 1000.500000
 1000.299988
 999.2000122
 998.4000244
 994.5999756
 996.0000000
 992.5000000
 995.5000000
 994.2999878
 997.5000000
 998.2000122
 1000.599976
 1000.299988
 1001.299988
 999.5000000
 999.7000122
 998.7000122
 997.2999878
 995.2999878
 994.4000244
 994.0000000
 996.5000000
 997.4000244
 998.4000244
 997.2000122
 997.0000000
 994.5000000
 994.5999756
 992.4000244
 993.2000122
 991.0999756
 992.9000244
 994.7999878
 997.5000000
 997.7999878
 997.7999878
 996.7999878
 998.5999756
 997.4000244
 998.2000122
 995.7000122
 999.2000122
 999.5000000
 997.5000000
 995.5999756
 996.0000000
 993.5999756
 994.2999878
 993.4000244
 993.4000244
 992.5999756
 992.7000122
 991.4000244
 992.0000000
 990.5000000
 992.0000000
 991.7999878
 995.2000122
 997.9000244
 999.7999878
 999.2000122
 999.5999756
 997.5000000
 998.2999878
 997.0999756
 997.7999878
 996.7999878
 996.5000000
 994.7999878
 993.5000000
 991.4000244
 991.7999878
 993.2999878
 992.7999878
 990.0999756
 988.7999878
 989.0999756
 990.2999878
 992.7000122
 995.2999878
 995.5000000
 996.7999878
 995.2000122
 997.0000000
 994.2999878
 993.9000244
 994.0999756
 994.2999878
 991.5999756
 991.4000244
 990.7999878
 991.2000122
 990.5999756
 990.2000122
 988.7000122
 987.7999878
 986.7000122
 985.9000244
 985.5999756
 987.0000000
 987.0999756
 989.2000122
 989.0999756
 992.5000000
 991.4000244
 992.2999878
 989.2999878
 989.0000000
 987.5000000
 991.0000000
 991.9000244
 994.5000000
 993.5999756
 994.5000000
 992.0999756
 991.2000122
 988.9000244
 985.5000000
 985.5000000
 988.0000000
 988.5000000
 989.2000122
 988.7000122
 989.2999878
 989.2000122
 988.0999756
 987.7000122
 987.5000000
 989.0999756
 987.5000000
 989.0999756
 987.5000000
 989.0999756
 990.9000244
 989.0999756
 989.4000244
 989.0999756
 987.0999756
 985.2999878
 985.2999878
 985.5999756
 987.7000122
 988.0999756
 991.1199951
 991.7600098
 992.7999878
 993.7999878
 994.4000244
 994.5999756
 993.5999756
 992.2000122
 990.2000122
 987.7000122
 988.2000122
 989.2999878
 990.5000000
 990.2999878
 992.0000000
 990.9000244
 993.0000000
 993.4000244
 994.5999756
 993.2999878
 994.5999756
 992.7999878
 995.0999756
 993.5999756
 995.7000122
 994.7000122
 995.4000244
 993.5999756
 994.2000122
 992.5999756
 992.9000244
 991.9000244
 992.2000122
 991.7000122
 993.0999756
 992.2999878
 993.0000000
 993.4000244
 993.5999756
 992.4000244
 993.4000244
 992.7999878
 993.7000122
 993.7000122
 994.2000122
 992.7999878
 993.4000244
 991.5000000
 991.7999878
 989.4000244
 990.9000244
 989.7999878
 992.0000000
 991.2999878
 992.0999756
 991.0000000
 990.5000000
 989.4000244
 991.0000000
 990.7999878
 992.5000000
 990.9000244
 992.0999756
 990.4000244
 990.9000244
 986.5000000
 988.0999756
 989.2999878
 993.5999756
 995.2000122
 995.7000122
 995.4000244
 994.5999756
 995.2000122
 994.2000122
 993.0999756
 993.0000000
 992.2000122
 992.5000000
 990.2000122
 990.5000000
 988.7999878
 990.2999878
 989.0000000
 989.5000000
 988.5999756
 989.2999878
 988.4000244
 987.0999756
 983.5000000
 986.2000122
 987.5999756
 987.2000122
 986.2999878
 986.0999756
 986.2999878
 987.0999756
 986.7999878
 986.7000122
 985.7000122
 986.0999756
 986.2000122
 987.7999878
 987.4000244
 989.0000000
 990.5999756
 992.2000122
 992.7999878
 992.4000244
 990.7000122
 990.4000244
 989.0000000
 989.5000000
 988.2000122
 989.5000000
 989.7000122
 991.0000000
 989.0999756
 988.4000244
 986.5999756
 986.4000244
 986.5999756
 986.5999756
 989.5999756
 991.2000122
 993.7999878
 994.5000000
 990.9000244
 991.4000244
 991.0000000
 992.4000244
 993.2000122
 994.7999878
 996.2000122
 995.2000122
 995.5000000
 994.0000000
 993.2000122
 994.0000000
 993.5000000
 995.1599731
 993.4099731
 993.9400024
 992.4199829
 992.2299805
 990.2999878
 989.4000244
 982.0999756
 983.5000000
 989.2999878
 992.0000000
 993.0999756
 993.4000244
 993.7999878
 993.4000244
 991.7000122
 993.5000000
 991.7999878
 992.7000122
 992.0999756
 992.5000000
 992.2000122
 991.5000000
 990.0000000
 990.4000244
 988.5999756
 988.2999878
 988.5000000
 991.2999878
 993.2000122
 994.2999878
 993.0000000
 994.2999878
 995.0000000
 995.4000244
 993.7999878
 995.5000000
 994.7999878
 993.9000244
 993.2999878
 992.7999878
 990.5000000
 990.7000122
 990.5999756
 992.5000000
 993.5999756
 995.0000000
 995.2999878
 994.9000244
 994.5999756
 994.2000122
 994.7999878
 995.9000244
 996.7999878
 996.5999756
 995.7000122
 995.5000000
 993.5999756
 993.5000000
 992.2000122
 993.2000122
 992.4000244
 994.7000122
 993.7999878
 995.7000122
 994.2999878
 996.7999878
 995.5999756
 997.5999756
 997.5000000
 999.5999756
 999.2999878
 1000.900024
 999.7000122
 998.5000000
 997.2000122
 996.2000122
 994.9000244
 994.5000000
 995.0000000
 996.0999756
 995.5000000
 996.2999878
 996.2999878
 996.5000000
 993.7000122
 994.5999756
 993.4000244
 994.5000000
 994.0999756
 996.0000000
 996.7999878
 999.0000000
 1001.200012
 1002.400024
 1001.299988
 1001.500000
 1000.200012
 999.7999878
 998.9000244
 1001.000000
 1000.400024
 1001.200012
 999.5000000
 998.7999878
 996.5000000
 998.2000122
 997.9000244
 999.7000122
 999.2999878
 1001.599976
 1001.000000
 1000.200012
 998.2000122
 999.5000000
 998.7000122
 1000.500000
 1000.299988
 1002.000000
 1001.700012
 1003.200012
 1002.900024
 1003.200012
 1001.900024
 1000.000000
 997.5000000
 997.7999878
 996.9000244
 997.5000000
 995.5000000
 994.5000000
 993.0999756
 995.4000244
 999.0000000
 999.7000122
 998.0000000
 999.0000000
 997.2000122
 998.0999756
 996.5000000
 997.5000000
 995.9000244
 997.0999756
 996.2000122
 998.5000000
 998.0000000
 1000.000000
 1001.299988
 1004.200012
 1005.299988
 1005.500000
 1004.900024
 1004.200012
 1002.200012
 1001.799988
 998.4000244
 999.5999756
 997.5000000
 1000.599976
 1000.700012
 1001.599976
 999.9000244
 998.4000244
 997.7999878
 997.7000122
 996.2999878
 995.2999878
 995.4000244
 998.7999878
 1003.799988
 1005.299988
 1005.400024
 1005.700012
 1002.700012
 1003.700012
 1003.299988
 1004.299988
 1002.200012
 1002.900024
 1001.299988
 1000.500000
 1000.299988
 1001.200012
 1001.500000
 1001.900024
 1001.500000
 1002.000000
 1001.400024
 1002.500000
 1002.500000
 1003.700012
 1002.000000
 1002.799988
 1001.299988
 1002.500000
 1001.099976
 1002.700012
 1000.799988
 1002.700012
 1005.299988
 1008.099976
 1006.900024
 1006.099976
 1003.700012
 1004.400024
 1006.599976
 1006.099976
 1001.299988
 1002.900024
 1004.700012
 1006.500000
 1006.000000
 1006.299988
 1006.099976
 1007.099976
 1005.900024
 1005.700012
 1004.099976
 1003.599976
 1001.299988
 1003.500000
 1001.200012
 1004.299988
 1005.000000
 1011.099976
 1010.799988
 1011.000000
 1010.599976
 1010.000000
 1006.400024
 1006.000000
 1003.299988
 1003.000000
 1000.799988
 1001.900024
 1000.400024
 1001.799988
 1000.200012
 1004.500000
 1008.500000
 1009.700012
 1008.299988
 1009.000000
 1007.900024
 1008.299988
 1007.000000
 1005.400024
 1003.799988
 1004.200012