13.34	
14.56
15.68	
16.89
13.51	
10.22
11.35	
11.85
10.54	
10.24
12.82	
14.70
11.92	
11.25
12.72	
13.82
15.48	
15.56
12.46	
11.71
12.34	
12.33
12.75	
13.88
14.57	
13.77
14.85	
16.54
13.94	
13.76
13.78	
15.59
15.15	
18.76
15.48	
16.38
14.72	
15.34
14.56	
15.77
15.39	
16.71
15.51	
14.67
12.02	
10.56
13.89	
16.49
14.66	
15.63
17.24	
16.82
10.98	
10.50
 8.82	
 9.06
11.27	
12.42
13.45	
16.10
14.83	
15.78
15.96	
11.66
10.18	
11.28
12.66	
13.20
 9.64	
10.95
10.62	
10.57
11.86	
14.37
14.35	
14.67
15.65	
15.52
17.02	
16.82
16.02	
15.35
15.70	
12.68
11.95	
11.05
14.02	
16.42
15.94	
15.68
16.22	
21.34
20.08	
13.96
14.87	
16.00
15.97	
16.57
17.06	
12.14
12.47	
14.55
14.65	
18.24
18.72	
20.49
19.65	
18.74
14.35	
15.26
16.32	
18.58
18.31	
18.99
17.66	
17.82
18.26	
18.54
21.73	
18.34
18.09	
18.92
23.49	
14.32
12.32	
14.26
17.47	
18.21
17.13	
13.25
11.38	
10.95
11.26	
12.50
12.69	
12.64
10.60	
10.97
15.56	
16.46
17.20	
16.20
16.63	
15.39
16.33	
17.30
18.30	
21.39
21.73	
21.46
22.09	
18.29
13.49	
12.37
11.11	
11.30
11.34	
12.13
13.71	
13.91
14.40	
13.88
16.27	
17.08
16.40	
15.36
16.71	
19.77
20.56	
20.35
21.23	
16.12
16.26	
13.31
16.12	
19.47
18.93	
21.48
21.84	
23.15
23.02	
23.61
25.62	
24.89
17.29	
17.79
16.54	
14.52
15.07	
16.19
18.41	
20.18
19.41	
19.47
18.55	
19.60
19.45	
15.63
18.01	
19.71
20.95	
22.63
23.02	
24.09
24.05	
22.40
18.31	
16.33
16.26	
18.96
21.58	
22.10
23.47	
22.64
23.74	
24.23
24.46	
23.97
25.34	
24.26
23.31	
22.57
26.36	
26.97
25.37	
24.14
24.12	
22.53
24.69	
24.08
22.51	
21.09
24.62	
24.25
24.57	
24.33
23.44	
25.14
20.97	
19.09
18.01	
20.08
23.78	
22.38
23.85	
23.19
24.82	
24.57
25.28	
24.71
27.54	
25.50
28.03	
26.58
26.40	
20.79
20.59	
20.35
23.35	
23.32
23.83	
25.08
27.15	
25.67
26.33	
25.68
25.71	
24.85
25.61	
22.33
21.61	
23.41
24.92	
22.97
20.61	
19.46
21.62	
21.70
23.51	
24.50
24.74	
25.17
25.68	
23.98
24.67	
23.62
23.72	
25.39
24.74	
23.54
23.86	
21.37
22.89	
21.77
22.31	
23.45
23.43	
22.17
25.65	
25.76
25.75	
22.47
24.65	
24.00
25.31	
24.13
23.29	
22.98
24.64	
23.07
25.60	
25.70
24.54	
22.24
22.30	
23.14
23.81	
22.89
22.34	
23.47
25.21	
24.79
26.99	
26.29
24.96	
25.69
24.96	
25.69
24.96	
25.69
23.11	
23.13
26.94	
24.40
28.18	
25.37
23.31	
24.02
27.57	
25.94
27.99	
24.22
28.42	
25.84
29.20	
27.08
27.64	
26.38
27.81	
27.86
27.47	
26.92
28.65	
28.14
27.37	
28.29
28.15	
27.66
28.96	
27.24
27.99	
26.88
27.80	
28.51
27.99	
28.05
28.08	
27.63
28.24	
26.92
28.49	
27.61
29.06	
28.05
28.75	
28.23
29.74	
25.81
28.95	
25.57
29.60	
26.19
27.87	
26.51
28.79	
28.25
28.78	
28.26
28.60	
28.22
29.60	
29.00
28.46	
28.39
29.00
28.09
28.32
27.66
29.61
29.33
30.27
28.70
30.20
28.53
30.80
31.48
32.43
29.40
29.93
27.52
29.38
28.33
28.39
28.66
28.37
27.51
29.86
29.12
29.08
28.19
29.13
28.43
28.96
28.39
28.57
28.15
28.66
28.07
32.63
29.77
27.48
26.03
27.14
28.40
27.96
27.81
28.25
27.97
29.30
28.77
29.88
29.37
29.18
28.78
28.62
26.47
28.27
27.66
28.68
28.42
28.37
28.97
27.77
27.70
27.93
27.48
29.81
28.45
30.29
30.44
29.08
24.95
27.52
25.77
27.98
28.00
28.78
29.50
30.97
29.33
29.45
27.00
28.33
26.54
28.88
27.67
29.03
28.25
29.15
28.00
28.38
28.13
28.25
28.22
28.02
28.87
27.32
27.46
28.56
27.00
29.79
26.94
28.81
27.26
29.36
29.02
28.88
28.43
28.47
27.26
27.98
27.98
29.08
27.83
25.33
26.74
25.18
25.00
27.91
26.52
27.58
27.72
27.66
27.72
28.50
27.61
27.39
27.19
28.43
28.09
28.97
27.72
27.90
26.77
27.22
26.12
23.80
22.47
24.25
23.37
23.02
24.60
25.11
25.20
26.35
26.37
24.58
25.84
26.01
25.93
26.04
24.53
25.01
24.49
26.42
25.53
25.76
26.36
26.63
25.82
26.84
26.04
23.40
23.54
24.67
24.10
24.31
23.28
23.68
22.70
24.84
24.81
24.51
24.62
25.87
26.07
25.87
25.22
25.85
25.74
26.38
22.82
21.35
20.63
19.91
20.57
20.65
20.11
21.45
21.63
22.08
21.90
22.18
21.53
22.32
22.37
22.83
21.23
21.99
20.83
20.95
19.58
20.22
18.66
20.79
20.01
21.44
21.17
20.72
22.23
21.91
22.68
22.69
20.76
21.19
20.88
22.08
22.42
22.78
24.05
25.35
24.99
21.09
21.00
21.15
20.63
20.64
20.98
22.40
22.15
25.25
23.22
24.19
25.78
21.68
21.11
20.31
19.93
18.29
16.84
17.22
18.02
18.33
19.73
21.86
22.26
21.28
23.27
21.65
19.46
20.03
20.52
24.21
21.63
21.99
21.90
22.33
23.61
21.76
16.49
15.66
16.79
18.88
19.60
20.94
20.58
19.79
20.44
19.09
19.55
19.10
18.03
16.92
17.19
15.32
14.05
13.79
13.49
15.98
14.79
16.56
16.13
17.00
17.43
17.80
18.73
18.79
19.24
19.93
17.29
16.03
15.93
18.33
18.88
19.96
17.14
17.13
19.29
17.37
14.37
11.95
12.45
13.19
12.77
13.06
11.81
13.13
14.57
14.82
14.88
16.00
15.78
14.86
14.67
11.29
10.18
10.79
12.04
14.32
14.70
15.28
15.57
16.97
16.09
16.33
17.97
17.43
16.81
14.06
10.68
11.04
12.63
15.29
14.57
14.61
15.52
15.41
15.79
14.94